Eubacteriales	Bacteroidales	Lactobacillales	Veillonellales	Enterobacterales	Eggerthellales	Verrucomicrobiales	OFGB38642	OFGB14936	OFGB10477	Bacillales	Erysipelotrichales	OFGB1226	Desulfovibrionales	Firmicutes_unclassified	Clostridia_unclassified	OFGB2982	Burkholderiales	OFGB9581	OFGB72924	Acidaminococcales	OFGB2954	Pseudomonadales	Coriobacteriales	OFGB3070	Clostridiales	OFGB15212	Pasteurellales	OFGB1507	OFGB9989	OFGB2881	OFGB2915	OFGB1211	Campylobacterales	OFGB1359	Bifidobacteriales	OFGB76783	OFGB3069	OFGB1011	OFGB2918	OFGB1262	OFGB76465	OFGB3048	Selenomonadales	OFGB1249	Tissierellales	OFGB1292	OFGB3529	OFGB15209	OFGB3068	OFGB1126	OFGB45503	OFGB9718	OFGB12107	Sphingomonadales	OFGB4559	Chromatiales	Actinomycetales	OFGB4806	Victivallales	OFGB1227	OFGB75721	Candidatus_Saccharibacteria_unclassified	OFGB75922	OFGB2960	OFGB1670	OFGB3047	OFGB3004	Aeromonadales	Candidatus_Saccharimonales	Fusobacteriales	OFGB32970	Hyphomicrobiales	OFGB45507	OFGB76046	OFGB629	OFGB1473	Synergistales	OFGB9583	OFGB76763	OFGB8822	OFGB602	Sphingobacteriales	OFGB76388	OFGB3012
CG001B	0.404381846761501	0.456508764439064	0.0149622020782862	5.5411831816426e-06	0.00826583332644883	0.0012827335321577	0.0020320022471009	0.0435403002192898	0.00248003209453299	0	1.40040811317877e-05	0.00332259418449803	0.000391106783838847	0.00239258214904816	0.0019165441393525	0.00071138717173779	0	0.0196800661879219	0	0	0.0109364821224303	0	0	0.00066725920385489	0	0.00694975194641615	0	0.00128777097141374	0.000199482594539134	0	0	0	0.000192732425936042	0	0.000186486001258554	7.05241495845422e-05	0.000783523301884264	0	0.000144574506648312	0	0	0	5.01728949901458e-05	0.00151103027924138	0	0	0.00021852411492696	0.000142761028516138	6.91136665928514e-05	0.000831479723601753	6.44792224772958e-06	2.0552752164638e-05	0.000132786898789181	0	1.29965932805799e-05	0.000147899216557297	2.15602400158458e-05	0.000464653396977013	0.010353952646862	0	0	0	0	0	0	0	8.56364673526584e-06	0	1.09816175781644e-05	0	0	0.000887899043269387	0	0	2.21647327265704e-06	0	0	0	0.000316854929204836	0.000128555449814108	0	0	0	5.89380392956532e-05	0
CG002B	0.411366711501737	0.519033148186782	2.75297210868854e-05	5.285706448682e-05	8.30897036440541e-06	5.49593340970912e-05	0	0	0	0	0	0.00152955130358735	0	0.00180825218906331	0.000360889616429898	0.000184098753013754	0	0.0171012625230199	0	0	0.0107713287264931	0	0	0.00668942189988311	0	0.000267989321271244	0	1.38149145817825e-05	0.000678832867964254	0	0	0	0	0	0	0.00659371857857743	0	0	0	0	0	0	0	0.003392062070211	0	0	0.000465202232330024	0	0	0.000823188714536213	0	0	0.000373503234091525	0	0	0	0.000458995531575889	0	0.0179383662602145	0	0	0	0	0	0	0	0	0	0	0	0	0	0	0	0	0	0	0	0	0	0	0	0	0	0
CG004B	0.227879817176754	0.59641385336466	0.00642026228183138	0	0.128580559703537	0	0.000106708256843028	2.75065416335589e-05	0	0.000397721045565389	7.49205414143628e-06	0.00233441704112667	0	0.00226859399402691	0.0030706719045401	0	0	0.012903350789106	0	0	0.00407021895635258	0	0	0	0	0.00351505774447215	0	0.000967973395073568	0	0	0	0	0	0	0	0.00089647779269529	0	0	0	0	0	0	0	0	0	0	0	0	0	0	0	0	0	0	0	0	0	0	0	0.00115088654546949	0	0	0	0	0	0	0	0	0	0	0	0	0.00254355238101762	0	0	0	0	0.000350414075129463	0	0	0	0	0	0	0
CG005B	0.206997633075812	0.609589310481588	0.020407828313281	0.000727560731055424	0.00158141879946875	0.00103329636150581	0.00270498473173275	0.0143605676895183	0.00385156840376878	0.000367483219317128	0.000230177397720423	0.00284429209591832	0.000764088883302361	0.00689451360163278	0.000159422867203754	0.00601133293429246	0.000828738708922967	0.0101949572535553	0	0	0.00868779568413376	0.00148694598927393	0.00305195213951392	0.000189846314554627	0	0.00086626763246434	0	0.00183861702213896	0.000298930385648219	9.127034205262e-05	0.000272309869216205	0.000537314107983023	0	3.50269953052818e-06	0.00107753045271991	0.0014804409758601	0.000225273618377684	0.000535112411135262	1.70131120054226e-06	0	2.06158886653944e-05	0	1.31101039571198e-05	0.000161724641180958	0	2.33179711603733e-05	0	6.90532193161269e-06	6.32487458083945e-05	0.000939123782699327	6.15474346078523e-05	2.45188967136972e-05	9.30717303826059e-06	0	0	0	0	4.04311602952395e-05	0	0.00164346661972382	0	8.42649429915636e-05	0	0	0	0.000256397605634663	0.000110785382294134	0	0	0	0	0.000980855945677334	0.000237583105299254	0	0	0	6.15474346078523e-05	8.95690308520777e-05	0	0	0	0	0.000229777089202649	0	0
CG007B	0.0469554075048721	0.889518994411061	0.00723335624969621	0.0068860103305657	0.016224444871612	0	0	0	0	0	3.32043896203078e-05	0.00022833018525049	0	0.000599879304043995	3.8805130038191e-05	0	0	0.00417235158487952	0	0	0.0237400384330809	0	0	0	0	0.000383850745068498	0	0.00367668605789685	0	0	0	0	0	4.80063464389992e-06	0	8.06106567288195e-05	0	0	0	0	0	0	0	2.77036624241725e-05	0	0	0.000125616606515381	0	0	0	0	0	0	0	0	0	0	0	2.19028955627934e-05	0	0	0	0	0	0	0	0	0	0	1.16015337227581e-05	3.64048127162411e-05	0	0	0	0	0	0	0	0	0	0	0	0	0	0
CG008B	0.0792982555087789	0.73553051487136	0.000915700640990449	0	0.0656949459864622	5.90000413000289e-05	0	0	0	0	4.19000293300205e-05	0.0128392089874463	0	0.00217790152453107	0	6.120004284003e-05	0	0.0233452163416514	0	0	0.02032641422849	0	0.000193500135450095	0.000555800389060272	0.00518520362964254	4.36000305200214e-05	0	2.60000182000127e-06	0	0	0	0	0	0	0	6.60000462000323e-05	0	0	0	0	0	0	0	0.0186439130507391	0	0	0	0	0	0	0	0	0	0	0	0	0.000121200084840059	0	0	0	0	0	0	0	0	0	0	0	0	0	0.0341742239219567	0	0	0	0	0	0.000313400219380154	0	0	0	0	0	0	0	0
CG009B	0.0963633041173292	0.714932968489184	0.000556508018206334	6.6412890742093e-05	0.00048899491391279	0	0.00108130988224814	7.60147544638414e-06	0	0	0.000137026596862451	0.00131105447567373	0	0.000784352242770322	0	0.00279474245951139	0	0.0117592824767287	0	0	0.019600204399674	0	0	0	0	0.000148928907100868	0	0.000208640497120491	0	0	0	0	0	0	0	0	0	0	0	0	0	0	0	0.148683659498309	0	0	0	0	0	0	0	0	5.49106581587486e-05	0	0	0.000210040768913246	0.000148128751790723	0	0	0	0	0	5.80112599855632e-05	0	0	0	1.90036886159604e-06	0	0	0	0	0	0	0	8.79170647022587e-05	0	0	0	0.000514099786768612	0	0	0	0	0	0
CG010B	0.514267821841345	0.189151889120542	0.0410545442050069	0.0434343595241251	0.00180407132252914	0.00206384236536111	4.26773869056761e-05	0.00568290481129432	0	9.19667633319498e-05	0.0284231396791803	0.029593461824326	0.000593275786984539	0.00112594167003027	0.00140414613819238	0.00125818146044222	0.000854449373048148	0.0122654409240275	0.0194636935154516	0	0.0160652310835238	0	0.000593075423665733	0.00536021968635727	0	0.0239747734567091	0	0.00202657478806319	0.000860460272612328	0.00137549418360313	0.000357347979090485	0.000106392922285981	0	0	0.000151474669017329	0.000192348786053751	0.00324498412972242	3.92712104859742e-05	5.64022742438864e-05	0	0	0	5.00908297014977e-06	0.0447053642369709	0	0	0	4.4981565071945e-05	0.00157956422380703	0.00157124914607658	6.23129921486632e-05	0.000222804010512262	0.00012142017119643	0	0.0011103133311634	0.000425170962506313	0.000537274239378265	6.17119021922452e-05	0	0	0	0.000262375765976445	0.000203268586928678	0	0.000373477226254367	0	0	0	1.84334253301512e-05	7.21307947701567e-06	5.84059074319463e-05	0.000501809931949604	0	6.01089956417973e-07	0	0	0.000155782480371658	0	0	2.1639238431047e-05	0	0	0	0	0
CG011B	0.231311435722703	0.42267287034499	0.00320020967925876	5.64213272617049e-05	0.00019727456978738	0.00019517377568721	0	0	0	0	0	0.000287908829537565	0.000130149196396238	0.00116093883487958	0.000184369691743479	0.00053740313838631	0	0.00837356520764849	0	0	0.0138803467710795	0	0	0.000862626072655464	0	0.00902751239968708	4.20158820033973e-06	0.000612131385663781	0.000310717451196552	0	0	0	0	0	0	0	0	0	0	0	3.99150879032274e-05	0	0	0.000331825430012545	0	0	0	0	0	0.000657448515538874	0	0	6.97263565627807e-05	0	0	6.02227642048694e-05	0.000176866855671444	3.82144450602328e-05	0	0	0	0	4.13156173033407e-05	0	0	0	0	0	0	0	0	0.000684058574141025	0	0	0	0	0	0	0	0	0	0	0	0	0
CG012B	0.306462572000573	0.445132999621797	0.0253365379777707	4.98036465823467e-06	0.00104841758060593	0.00745926493679968	0.00155102785070737	0.0676193257257077	0.00168834361914155	0.000873698257187454	0.0333236199282482	0.0113989366616534	0	0.000408898102450573	0.00038450447963473	0.00203829046645384	0	0.00696834327763084	0	0	0.0206419852668617	0.00235876168619698	0	0.00269051495649245	0	0.00341805475697498	0	0	0.00116764141211837	0	0	7.98891147218868e-05	0	0	0.000211411397737309	6.48463806521168e-05	0.00663476048562418	0	0.000120138592368028	0	0	0	0	0.00130963262492559	0	0	0	1.99214586329387e-05	0.000871055614715738	0.00013081080234996	0.000252473996143978	2.62231445270315e-05	1.62624152105622e-06	0	0.000597338838702963	0	0.000254608438140364	0	0.043648424065244	5.68168131419017e-05	0.000161099550679632	3.50658327977747e-05	0	0	0	0	0.000160286429919104	0	0	0	0	0.000244444428633763	8.46661991899894e-05	0	0	0	0	0.000569489452654875	0	0	0	0	6.76923033139651e-05	0.000645414603669187	0
CG013A	0.357978816124355	0.416408837939081	0.00576995640355152	0.0444077126500706	0.106933458436562	2.60020567626899e-05	0.000289622909172115	0	0	0	6.72053159404909e-05	0.0054391302352016	0	0	0	0.0104853293895547	0	0.0310412553632992	0	0	0.00083856633059675	0	0	0.000801663411575856	0	0	0	1.06008385263274e-05	0	0	0	0	0	0	0	0.0184714610925724	0	0	0	0	0	0	0	0	0	0	0	0	0	0	0	0	0.000324225646248618	0	0	0	0	6.11048333923213e-05	0	0	0	0	0.000239818969680502	0	0	0	0	0	0	0.000152312047882988	3.91030930546606e-05	0	0	0	0.000213816912917812	0	0	0	0	0	0	0	0	0	0
CG014A	0.401542244446738	0.244645201844323	0.109959503873562	0.0202754410513649	0.000257431853014936	0.000394521585415177	0.00234937904970039	0.00475341347917996	0	0.000626180167598466	0.000585664986991518	0.00278481695612457	0.000743413450097282	0.00101969890200852	0.00137370530681675	0.00596335321686021	0.0172764151205462	0.00304505679195385	0.0214409544895183	0	0.00554496377752312	0.000687253793810424	0.00968011961204508	0.00587018835848434	0	0.0168423812055292	0	0.000349694145486203	0.000463317164366578	0.00288068951221427	0.000113923874181912	4.57300058335843e-05	0	0	0.000768284155024319	0.0622513744323738	0.0198305763454926	0	5.11454012612456e-06	0	0	0	0	0.0045482301635319	0	0	6.91967193534499e-06	0	0.00205263543728466	0.000483574754670051	0	8.40389142292624e-05	3.84091934961903e-05	0	0.000246500777059101	0	0.000278491724122508	0	0.00482601989195083	0	0	0.000603114594480649	2.52718453290861e-05	0	0.0109292708240256	0	0.000190541690973268	0	0.000791450013242648	0	0	2.95841046511126e-05	0	0	0	0	0.00113492648249709	4.01140402048985e-05	0	0	0	0	0	0	0
CG015A	0.643860732986951	0.107248392672669	0.0571315584412288	0.0772338486764456	0	0.00132992535097226	0.00468504506608254	0.0158192990961401	0	0.000399414179000297	0.0113374130977189	0.00417476147084728	4.28451407061834e-05	0.000132901159204725	0.00418582810671689	0.00141074225145123	8.02077278622864e-06	0.000371087652324882	0	0	0	0.000105488391454323	0.000377788551108313	0.000656586552006843	0	0.0193468146617696	0	0	0.000194833708566744	0	0.000293215086159852	0	0	0	0.00307774311698399	0.00582825901004373	0.00410135617053787	1.62446031113491e-05	0.000112798462854431	0	0	0.000198387215497351	4.87338093340474e-06	0.0134292103346134	0	0.000358193498605248	0.00137388730814235	3.87839899283461e-05	0	0.0011818964051201	0	3.87839899283461e-05	0.000237983435581265	0	0.000910103889313335	0	0.000553940966097006	5.78713985841813e-06	0	0	0	0	8.10199580178538e-05	0	0	0	7.44205880038682e-05	0	4.89368668729393e-05	2.61944225170505e-05	0	0.0002995098698655	0	0	0	0	0	0	0	0	0	0	0	0	0
CG016B	0.728982991843047	0.173274525378187	0.0149897262809137	0.00972592078332356	0.00668582026693663	0.000459666399236524	0	0	3.27118416866906e-05	0	0.000261494661067306	0.0224325205724472	0	0.0270814034680554	0	0	0	0.000225481624348014	0	0	0	0	0	0.00414940208355425	0	0	0.000210276119955424	0.00127776255004312	0	0	0	0	0	0	0	0.00104607868048233	0	0	0	0	0	0	0	0	0	0	0	0	0	0	0	0	0.00040624706143624	0	0	0	0.000129746968402562	0.000473171288006258	0	0	0	0	0.000383238732421136	0	0	0	0	0	0	5.00181065545728e-06	0.00734856017878472	0	0	0	0	0	0	0	0	0	0	0	0	0	0
CG017A	0.380701357377674	0.464539896942236	0.0391627115177003	0.013578284601831	0.00198285870043116	0.0192405613110949	0	0.00764994379696505	0.00399346580239913	0	0.0157633960918029	0.00390661430733629	0	0.00170747835449374	0.00303689725989043	0.00352314542256057	0.00383458867302235	0.00346524442585201	0	0	0	0	0	0	0.00356511863643754	0.00348688216856663	0	0	0.00108178696099607	0	0	0.00330195960814449	0	1.40244628705852e-06	0	0.00219923612757733	0.00351563231745133	0.00133653131156677	6.67163733700694e-05	0	0.000618578987327595	0	0	0.000200449644314578	0	1.36237639314256e-05	0.00236482496418503	0	0	0	0	0	8.27443309364525e-05	0	0	0	0	0	0	0	0.00213592569519012	0.000726867875635471	0	0	0	0	0	0	6.63156744309098e-05	2.20384416537767e-06	0	0	0	0	0	0	0	0.00063380554701566	0	0	0	0	0	0	0
CG018A	0.7289327	0.0252024	0.0009246	0	0.0040929	0.0002817	2.79e-05	0	0.075319	0	2.18e-05	0.0061104	0	0.0003118	0.0008928	0.0019338	0	0.0005483	0	0	0.0199507	0	0	0.0019967	0	0.0254593	0	0	6.77e-05	0	0	0	0	0	0.0006978	0.066882	0.0375424	0	0	0	0	0	0	0.000576	0	0	0	0	0	0	1.64e-05	0	0.000187	0	0.0002161	0	0.0008286	5.44e-05	0	0	0	0	0.0003764	0	0	0	0	0	0	8.16e-05	0	0.0003006	0	8.48e-05	0	0	0	0	0	2.79e-05	2.84e-05	0	0	0	0
CG019A	0.517790384352074	0.0373562420395073	0.0129051253483746	0.0110838686254808	0.000292177356051186	0.00303939505026898	0	0.00840795292824435	0	0	1.39387362519832e-06	0.00580237423855632	0	0.000548006776799124	0.000556798902742682	0.00305805151263702	0	0.000105505511322704	0	0	0.0154680300609219	0	0	0.00447176103173239	0	0.0232783328671005	0	0	0	0	0	0	0	0	0.00131935499677425	0.0214501067760807	0.00540940909729849	0	0	0	0	0.000783785861553824	5.68271554888545e-06	0.0168996454950487	0	0.000379669731294404	0	0.000280811924953415	0	0.000496540673714878	1.28665257710614e-06	0	6.11159974125417e-06	0	1.61903782619189e-05	0.000128879699806798	0.000318982618074231	8.8350143627955e-05	0.065217845828356	0	0	0	0.000279310830280125	0	0.000178308602977293	0	0.000342678469702602	0	0	0.00017176811904367	0	0	0	0	0	0.00158976648006273	0	0	8.12735544538712e-05	0.000147857825319114	0	0	0	0	0
CG020A	0.398176399581265	0.354077205495645	0.0169787977901217	0.125761110749365	0.0778746700459306	0.00304674704105706	0	0	0	0	2.76485231581425e-05	0.0136298203346874	0	0	0	0	0	0	0	0	0	0	0	0.000201253199364885	0	0	0	0.00556596827432143	0	0	0	0	0	0	0	0.000734889731478745	0	0	0	0	0	0	0	0	0	0.000122314662232218	0	0	0	0	0	0	0	0	0	0	0	0.00103621856357908	0	0	0	0	0.00108009556772135	0	0	0	0	0	0	0.000432458965484425	0.000542351827457187	0	0	0	0	0	0	0	0	0	0	0	0	0	0
CG021B	0.115509866524988	0.685641436898849	0.062358142075955	0.0852328419701974	0.000469242605744989	5.98457243387649e-05	0	0	0.000299629598071304	0	0.000571090605624696	0.0234301524211455	0	0.000763859999097803	0	0.0123473658358102	0	0.00241508072155699	0	0	0	0	0	0.00175276799005579	0	0	0	0.00130638103782711	0	0	0	0	0	0	0	0.00241016876093287	0	0	0	0	0	0	0	0	0	6.87674487376762e-05	0	0	0	0	0	0	0	0	0	0	2.36576062712705e-05	0.00232024980828317	0	0	0	0	0.0011799732348268	0	0	0	0	0	0	7.83908817971761e-05	0.000130417566775097	0	0	0	0	0	0	0	0	0	0	0	0	0	0
CG022A	0.398712949835682	0.494295679056967	0.00189016130586255	0.00514924333894343	0.0020325274573676	9.22372249187686e-05	0	0.0028232611453397	0	0	0	0.00253622291170662	0	0	0.00594438837245512	0.000358221309385609	0	0.00151058507375118	0	0	0.000472715777708689	0	0	0.0019894165805034	0	0.0222714800194621	0	6.3162447498722e-05	0.000431509800054761	0	0	0	0	0	0.000119507360981709	0.0111347374311993	0	0	0	0	0	0	6.07562590225802e-05	0.00908235891890353	0	0	0.00313496281085323	0	0	0.000517631295930002	0	0	8.97307785894542e-05	0	0	0	0	0	0	0	0	0	0	0	0	0	0	0	0	0	0	0	0	0	0	0.00113612199215161	0	0	0.000275508580518235	0	0	0	0	0	0
CG023A	0.541148733165843	0.34472782013247	0.00920925788995494	0.000344000046603218	0.0214787602820861	0.00140703551908452	0	0	0.00321702817305141	0	6.40794247395191e-05	0.0028379752749841	1.2052556377339e-06	0.0107161287510317	0.00344954207316424	0.000591880956097157	0	0.0125437984876854	0	0.00288397586515761	0.010630354724813	0	0	0.000292374930120283	0.013825286544506	0.00784822296104393	0.000146036808105425	2.89261353056137e-05	0.000134486441577141	0	0	0	0	1.44630676528068e-05	0	0	0.00295900302860654	0	0	0	0	0	0.000242256383184514	0.00045859977015775	0	0.00129183316771112	0	1.03451108905493e-05	0	0.00227733052749821	0	0	4.43935826565321e-05	0	0	0	0.000303021354920265	0.000266964123758059	0	0	0	0	0.000111084394611141	0	0	0	0.000116909796860189	0	0	6.42803006791415e-05	0.000141918851343167	9.46125675621113e-05	0	0	0	0	0	3.11357706414591e-06	0	0	0	0	0	0	0
CG024A	0.431595748788096	0.147507747125347	0.00269416523586648	0.000160733721934862	0	0.00215365183615523	0	0	0	0	9.64202289640366e-05	0.00181448067804625	0	0.00337390784586606	0	0.00341231590387663	0	0.0051123725757664	0	0	0.0142421880110447	0	0	2.24047005061662e-05	0	0.00154362385228421	0	0.000313365744133119	0	0	0	0	0	0	0	0	0	0	0	0	0	0	0	0.382068858046418	0	6.35133250956051e-05	0.00138769113760067	0	0	0	0	0	0.000544614260071763	0	0	0	0.000266155839495126	0.000980605731082381	0	0	4.06085196674262e-05	0	0.000310265093616641	0	0	0	0.000178137373220902	0	0	2.28047844437763e-05	0	0	0	0	0	0	0	0	0	0	0	0	0	0	0
CG025A	0.598277362033706	0.153443812387386	0.0329038155076043	0.00464763615320773	0.0470170182645412	0.00299327684551793	0	0.00207742948754895	0	0	0.00019061293172446	0.0134916738360264	0	0.00146153345538596	0.00248923388991304	0.000953366420519487	0	9.43508865211309e-05	0	0	0	0	0	0.0134816151061201	0.00225164668952614	0.0164565850632086	0	0.000527077447090326	6.21629508209583e-05	0	0	0	0	0	0	0.083291715338346	3.65131895598833e-05	0	0	0	0	0	0	0.0167483888177904	0	0	0	0	0	0	0	0	0.00117435671656098	0	0	0	0.000521444558342796	0.00100929295879854	0	0	0.00238854600355093	0	0.000182666535098479	0	0	0	0	0	0	5.23053955127805e-06	0	0	0	0	0	0	0	0	0	0	0.00179618739936869	0	0	0	0
CG027B	0.388310055860153	0.173078901071393	0.0564959785068738	0.000119378718450869	0.321135052028881	0	0	0	0	0	0.000295555270074729	0.0242729154472344	0	0	0	0	0	0	0	0	0	0	0	0.000819024754354535	0	0	0	0	0	0	0	0	0	0	0	0.0099119447702001	0	0	0	0	0	0	0	0	0	0	0.00621141103579833	0	0	0	0	0	0	0	0	0	0	0.0181853236877532	0	0	0	0	0	0	0	0	0	0	0	0	0	0	0	0	0	0	0	0	0	0	0	0	0	0	0
CG028A	0.227283322728332	0.498654949865495	0.0143545014354501	0.000127300012730001	0.202886020288602	0.000755000075500008	0.00426180042618004	0	0	0	0	0.00150430015043002	0	0.00245310024531002	0.000270300027030003	0.000613800061380006	0	0.00255980025598003	0.000686300068630007	0	0.00228020022802002	0	3.60000036000004e-06	0.000743000074300008	0	0.00508650050865005	0	0	0.000385900038590004	0	0	0	0	0	0	0.0308820030882003	0.00310830031083003	0	0	0	0	0	0	0	0	2.43000024300002e-05	0	0	0	0	0	0	3.06000030600003e-05	0	0	0	5.30000053000005e-06	1.78000017800002e-05	0.000515100051510005	0	0	0	0.000115000011500001	0	0	0	0.000390400039040004	0	0	1.50000015000001e-06	0	0	0	0	0	0	0	0	0	0	0	0	0	0	0
CG029A	0.19522	0.3933195	0.208795	0.0163874	0.0008809	0.0272743	0.0009214	0	0	0	1.9e-05	0.0013304	2.77e-05	0.0011063	0.0038843	0.0026496	0	0.0020043	0	0	0.0237769	0	0.004923	0.0045739	0	0.0128016	0	0	0.0002506	0	0	0	0	0	0.0020318	0.010783	0.0058695	0	5.74e-05	0	0	0	2.96e-05	0.0013523	0	0	0	0	0	0.0049349	0	0	0	0	0	2.25e-05	0.0001525	4.21e-05	0.074359	0	0	0	2.96e-05	0	0	0	0	0	0	1e-06	0	0	0	0	0	0	0	0.0001818	0	0	0	0	0	0	0
CG030A	0.476975932936451	0.115014970977096	0.181638982998073	0.00516516287278034	0.08080812139097	0.00157604563310509	0	0	0	0	8.04545632602881e-05	0.00758794005180832	0	0.000861195287632597	0.00101868936402727	0.000805248731158214	0	0.00052862967095992	0	0	0.00195571885298511	0	0	0.00060968689012478	0	0.0172729217662238	0	3.11372217361914e-06	0.000575737274167255	0	0	0	0	6.83010025180973e-06	0	0.0505170285447969	0.0202255339280208	0	8.03541206095262e-07	0	0	0	0	0.0140343493777076	4.93173415240967e-05	0.000100342208111146	0	0	0	0.00138158866123004	0	0	0	0	0	0	2.14947272630483e-05	0.00322581617186943	0.0114437325292564	0	0.0015132689763789	0	0.000458219372775823	0	0	0	2.42066788336198e-05	0	6.69952480581925e-05	0.00135687976914261	0.000850447924001073	0	0.000135396693227052	0.000181901640529815	0	0	0	0	0	0	0.000866518748122978	0	0	0	0
CG031A	0.201511093419958	0.0293387553606862	0.172678302822761	0.00130926758625104	0.397921934007553	0	0	0	0	0	0.00930799142290213	0.0160093491966972	0	0	0	0	0	0.0470791261281444	0	0	0	0	0	0	0	0	0	0.00260863390513986	0	0	0	0	0	0	0	0.108403575657684	0	0	0	0	0	0	0	0	0	0	0	0	0	0	0	0	0	0	0	0	0	0.00582534564424246	0	0	2.98038148883057e-05	0	0.00027263489726685	0	0	0	0	0	0	0.000150819304871023	0	0	0.000407352141074057	0	0	0	0	0	0	0	0	0	0	0	0
CG032B	0.634331569022352	0.0474092178121283	0.0110885399613886	0.141952458136253	0.0421153845576723	0.00198018573832118	0.00339197464081812	0.000162356223960358	0.00319770736606087	0	0.00234851329015238	0.0134313512769472	0	0.00124072966468288	0.00068683785194813	0.000130245103879473	0	0.00335966345145324	0	0	0.00910615346094353	0	0	0.0225982257655826	0	0.00510056632611874	0	0.00164206864837293	0.000106937032294284	0	0	0	0	0	0	0.0128026335519991	0.020545014738604	0	0	0	0	0	0.000155053695094611	0.0041463358761139	0	0.000250386708917298	0	0	0	0.00101815258624062	0	0	0.000318710369400924	0	0.000280897274726238	0	0.000314809018363059	0.00447765061040638	2.00069283993047e-06	0	0	0	0.00535035282718405	0	0	0	7.10245958175316e-06	0	0	0.00191576342887542	9.66334641686416e-05	0	0	0	0	0.00208382162742958	0	0	0	0.000196768140807162	0	0	0	0	0
CG033A	0.670215936653224	0.0140201057285617	0.105043879716246	0.000260360304932823	0.0258504157696937	0.00889566110228496	0	0	0.00921650494866759	0	0.00509425490679236	0.050454516637086	0	0.000274934652270126	0	0.0262041560000662	0	0.000692697908445824	0	0	0.00142911885890356	0	0	0.00322436614341637	0	0.0139695119228051	0.00115647446121501	0.000151989622231876	0	0	0	0	0	0	0	0.0294458031553254	0	0	0	0	0	0	0	0.00571866158771483	0	0.00545340846617591	0	0	0	0	0	0	0.00130690254623217	0	0	0	0	0.00962219231704952	0	0	0	0	0.00126442873399203	0	0	0	0	0	0	0.000174788065566657	0.000995532025618788	0	0	0	0	0	0	0	0	0	0	0	0	0	0
CG034A	0.633184136305955	0.0663742131984178	0.00495115774203926	0.000129448591147763	0.00106880383280219	5.4288130086e-05	4.11425754810721e-06	0	0.00404060230322158	0.00353374584284379	0	0.0301186732502815	0	0.000669720850635793	0	0.000978591209979061	0	0.000799871875999087	0	0	0.00271571102498599	0	0.000818034817857804	0.0170283099051453	2.50869362689464e-05	0.0179751912276804	0	0	0.000267928479352348	0.000502340811849383	7.01430738079742e-05	0.00143276510419207	0	0	0.000475849007149375	0.0150767469589114	0	0	0	0	0	6.53263820443365e-05	4.68623969503919e-05	0.00415891229466594	2.31803291125065e-05	0.00275334142938941	0	0	0.00656896408815108	0.00831872771903755	1.59552914670499e-05	0.00388064799757078	7.52608088068392e-06	0	0	0	0	0.00111175266769463	0.127461505099773	0	0	0	0	0	0.00125063394687952	0	0	0	3.71286656780407e-06	0.000219560866225819	0.000345999025021309	7.21500287094899e-05	2.63914569549316e-05	0	0	0	0.00100708996958058	0.00130502242471059	0	0	0	0	0.000159653262415575	0	0
CG035B	0.225280842576737	0.0351988096007246	0.0437980601804521	0.000625683716481265	0.157006407457318	0.00189315330391206	0.000348746662303416	0.000366949097789284	0	0	0.0873479871606821	0.0406487388012516	0	0.000304940801079184	0.000349146715830578	0	0	0.000649886954874562	0	0	0.000447759910275995	0	1.66022213772203e-05	0.00172523083588584	0	0.0282002731965537	0	0.00151350250663539	0	0	0	0	0	0	0	0.208093542916042	0	0	0	0	0	0	0	0.00259354701659082	0	0.000262235087054648	0	0	0	9.90132479725787e-05	0	0	0	0	3.20042821729547e-05	0	0	0.00214228663795216	0.00254364033907737	0	0	0	0.00139888717110349	0	0	0	0	0	0	0.000600080290742901	2.80037469013354e-06	0	0.000179724047077499	0	0	0.0241319288520804	0	1.00013381790484e-06	2.53033855929923e-05	0	0	0	6.7208992563205e-05	0	0
CG036A	0.244465744176028	0.47720947134314	0.00326727570774987	0.0521595005055589	0.160010935781711	0.000537448272738074	0.000115504674574619	0	0	0	0	0.00222281213305295	0	0	0	0.0165064215074927	0	0.0276812476754684	0	0	0	0	0	0.00130630765001521	0	0.00223275557895111	0	0.000387894828875807	0.00234605059888169	0	0	0	0	0	0	0.00753522365270577	0	0	0	0	0	0	0	0	0.000305635412809187	0	0	0	0	0	0	0	0	0	0	0	0	2.35026903047485e-05	0	0	0	0	0.000189126349760006	0	0	0	0	0	0	1.265529477948e-05	0	0	0	0	0.00023834138501354	0	0	0	0.00124614478038895	0	0	0	0	0	0
CG037A	0	0	0.0461314396102674	0.000677844498510613	0.891751354713645	0	0	0	0	0	0.00837842209685033	0.000461666523114887	0	0	0	0	0	0.000440058729183617	0	0	0	0	0	0	0	0	0	0.000689148575891324	0	0	0	0	0	0	0	0.0125770365370789	0	0	0	0	0	0	0	0	0	0	0	0	0	0	0	0	0	0	0	0	0	0.00263545060703396	0	0	0	0	0.000744868674130759	0	0	0	0	0	0.00540014783332348	0	0	0	0	0	0	0	0	0	0	0	0	0	0	0	0
CG038A	0.620911503639615	0.240291701330023	0.00566340136770258	0.0018639941448478	0.00692763651644051	5.94157511156208e-05	0	0.000905139952601435	0	0	5.28140009916629e-05	0.00278613860534428	0	0.0126619566847171	0.000871330989845408	0.000734694767582886	0	0.0152627461540054	0	0	0.0156841578702514	0	0	0.0149301579848818	0	0.00496821707434641	0	0.000722391505988238	0.000219858284431203	0	0	0	0	0	0	0.0352176361953554	0.000630867242906094	0	0	0	0	0	0	0.00109759097136651	0	0.000208455261489821	0	0	0	7.58200999084857e-05	0	0	0.000180247783687456	0	1.48039245203904e-05	0.00019695221203141	0.000101126808716991	0.000109629062664512	0.016313224635851	0	0	0	0.000107928611875008	0	0	0	4.66123569358237e-05	0	0	7.13189066421508e-05	0	0	0	0	0	0	0	0	0	2.94077960067214e-05	0	0	0	0	0
CG039A	0.540046621495158	0.0822662142963355	0.00992690991559115	0.0904025180722497	0.0164076718643176	0.0062381111963982	0.00516594574240403	0.0374894355505969	0	0	4.75578565103377e-06	0.00207774990887386	0.000368626230017906	0.00484699105140804	0.00942934905236744	0.00705927685214336	0	0.00278340281536169	0	8.66609829743931e-06	0.00124897499608705	0	0	0.00514945901881378	0	0.0530133767568269	0	0	0.00151878656868903	0	1.59583029623577e-05	0	0	0	8.34904592070372e-06	0.00445659389152095	0.00280189753733794	1.90231426041351e-06	0.000196361105324905	0	0.000739683194924118	0	6.14024769611248e-05	0.0674519419933654	0	0.000407306619979647	0	0	0	0.000905290219705672	0.000137600731503244	0.000494918760084247	4.82976453893874e-05	0	0	0	0.00036334202373898	2.21936663714909e-06	0	0	0	0.00190897236032495	0.000337977833600133	0	0	0	0.000103570443066958	0	0	4.58669105010812e-05	0	0	0	6.31991070959598e-05	0	0	0	0.000163281974018826	0	9.51157130206753e-06	0	0	0	0	0.0180131194159811
CG040A	0.195646725761358	0.460572278900841	0.0154112197442967	0.0423527301719415	0.224677928727262	0.000892365471101111	0	0	0	0	0	0.00214504001532515	0	0.0032243658610356	0.00268670465525328	0.00209609803289262	0	0.0203700734490046	0	0	0.00181275498122289	0	0	0.00214253786898401	0	0.00488719223349789	0	5.95510829189279e-05	0	0	0	0	0	0	0	0.0167079320641246	0	0	0	0	0	0	0	0.00185719310024139	0	5.15442146273073e-05	0.000827309666231694	1.66142517051126e-05	0	0	0	0	4.7540780481497e-05	0	0	0	0.00126798767983176	0	0	0	0	0	0.000102788171693679	0	0	0	0	0	0	3.81327102388429e-05	1.7915367802501e-05	0	0	0	0	0	0	0	0	0	0	0	0	0	0
CG041A	0.623520772561915	0.158105940850803	0.00819195962702763	0.0436954182288602	0.0336420768871753	0.000106204662384679	0	0	0	0	7.81034287405217e-05	0.00509792379885477	0	0.000529123228509732	0	0.00103404539459282	0	0.0133465859151217	0	0	0	0	0	0.000143906317487338	0	0.00343795092604565	0.000528523202168575	0	0	0	0	0	0	0	0	0.10748681867134	0	0	0	0	0	0	0	6.62029063075869e-05	0	0.000626427500167257	0	0	0	0	0	0	1.92008429170041e-05	0	0	0	5.46023970452303e-05	6.93030424035615e-05	0	0	0	0	0.000205709030626445	0	0	0	0	0	0	1.32005795054403e-05	0	0	0	0	0	0	0	0	0	0	0	0	0	0	0
CG042A	0.132978366408645	0.572166266792922	0.00724583828403602	0.000180440797664352	0.224780522876222	0.000369483540228446	0	0	0	0	0	0.00275092198346046	0	0.00433468007116409	0.000176239847829594	0.000613738766335068	0	0.00103533408903753	0	0	0.0330622753804635	0	0	0	0	0.0106218015893394	0	8.50192228462856e-05	0	0	0	0	0	0	0	0.00201105469946755	0	0	0	0	0	0	0	0.000827187026986802	0	0	0	0	0	0	0	0	0	0	0	0	0.000291665945670316	0	0	0	0.00529989830700721	0	0	0	0	0	0.000122227635668425	0	0	0	0	0	0.000458103577218809	0	0.000588032954250956	0	0	0	0	0	0	0	0	0	0
CG043A	0.300051320397071	0.183023304703376	0.0503001928041979	0.0126488919386953	0.377945757272032	0	0.000897531607971401	6.9040892920877e-06	0	0	0.0119390715120566	0.00558640882994998	0	0.0014931844131279	0.000296875839559771	0	0	0.00122452528632709	0	0	0.002100143915241	0	0	0.00153530936373614	0	0.000985283583466487	0	0.0196079137673244	0	0	0	0	0	0	0	0.0230576570502709	0	0	0	0	0	0	0	0.00371359956502236	0	0	0	0	0	0	0	0	0	0	0	0	0	0.000320189648328705	0	0	0	0	8.57507901930313e-05	0	0	0	0	0	2.31136902387284e-05	0.000134479652298056	0.000661391742328981	0	0	0	0	0.000309083069902303	0	0	0	0	0	0	0	0	0
CG044A	0.288787040855216	0.633288999431023	0.000261957886865035	6.07830417916958e-05	0.0319350296374907	0	0	0	0	0	0.00258483139665411	0.00130578396204895	0	0.00402660114248086	0.000163623542483741	0.000245535450532518	0	0.0246988435600718	0	0	0	0	0	3.77515762034091e-05	0	0	0.000130778669818706	5.97816737226399e-05	0	0	0	0	0	0	0	1.93264037327797e-05	0	0	0	0	0	0	0	0	0	0	0	0	0	0	0	0	0	0	0	0	0	0	0	0	0	0	6.21849570883741e-05	0	0	0	0	0	0	0	4.20574589003497e-06	0	0	0	0.000406255025615997	0	0	0	0.00309853321607981	0	0	0	0	0	0
CG045A	0.218700462828221	0.447535166193837	0.0436855413009381	0	0.00130013847549259	0.00615861048836916	0.021839619488398	0.00881674484131523	0.00049881345833425	0.00153766377389989	0.00227307267953849	0.00171815820466002	0.000715675398898374	0.00403049126410055	0.00419951753125772	0.00138692457843392	0.00194958781250358	0.00260533947365675	0	0.00936690674388977	0.00860980131251583	0.00027409944178972	0.00939211604045844	0.00725325187011137	0.000698938079045403	2.83088002451501e-05	0.000102180304534502	0.000210146349265092	0.000444882094363563	0	0	0.000205290460171946	0	0	0	5.837398590697e-05	0.000150119294730668	0.000509041820466622	0.000618041033089371	0	0.000301994974878006	0.00115725135600703	0	0.000147226424632624	0	0	0	0	0.000792853040442634	0.000358199308211443	0	0.000974690589462576	0	0	0	0	0.000293419681373088	0	0.00113317854411973	0.0025991404663038	1.61174191176767e-05	0.000944625403800756	0	0	0.000714125647060136	0	2.47960294118103e-05	0	0.000570411993260853	0	0	0.000189276357843485	3.03751360294676e-05	0	0	0	0	0	2.12832585784705e-05	5.97171041667764e-05	0	0	0.00232018513542093	0	0
CG046A	0.469806125112996	0.312902526275449	0.0130201608156641	0.000256429567581003	0.0108863437525176	0.000933847834694597	0	0.0258309378033112	0	0	0.0732952431103735	0.00304878602810185	0.000175866262490593	0.00245263776173736	0.00044410774322395	0.00500754448093911	0	0.00120562279372139	0	0.00848085268686699	0.00278791437352338	0	0	0.00249463567516795	0	0.0176709249454885	0.00027359217643485	1.26195653337108e-05	0.000345473220575666	0	0	0.00036677504685897	0	0	0.000458948352056393	0.00642759892881091	0.0138946462150289	0	0.000373640090400509	0	0	0	7.7534609410319e-05	0.00477554639184417	0	0	0	0	0	0	0.000129628175107877	0	0	0	0.0005951387011378	0	0.000930112443355819	0.00416607186448727	0.00450952595460954	0	8.64187834052514e-05	0	0	0	0.000520430874362232	0	0.0001092349575286	1.16100001070139e-05	0	0	0	0	0.00866691555814722	0	0	0	0	0	0.00195552784411182	0	0	0	0	0	0
CG047A	0.265486442347211	0.127153643260272	7.36339599823439e-05	0.0910744035149011	0.471417217620767	0.00037687381420311	0.0145430072349368	0	0	0	0	0.00455600122776625	0	0.0029135437263666	0.00146887744627822	2.21101972229592e-05	0	0.000453108973858744	0	0	5.00230706401793e-06	0	0	0	0	0.00639154778183698	2.22102433642396e-05	2.80129195585004e-06	0.000989256244980185	0	0	0	0	0	0	0.0118953861520933	0	0	0	0	0	0	5.21240396070668e-05	0	0	0	0	0	0	0	0	0	0	0	0.000543050454869786	0	1.52070134746145e-05	0	0	0	0	0	0.000436801452830045	0	0	0	0	0	0	7.54347905253903e-05	0	0	0	0	0	0	0	0	0	0	0	0	0	0	0
CG048A	0.129135161224519	0.209886050910646	0.00118251132414243	0.123268447687136	0.0119298116369764	0.000805757250664174	0	8.03755369296065e-05	0	0	0	0.00314165252504304	9.83924692425942e-05	0.0248086151365053	0.000118611471060503	0.0019189033854016	0	0.0032103170559692	0	0	0	0	0	0.00242537937153337	0	0.0133355327336631	0	0	0	0	0	0	0	0	0	0.00381338381811226	0	0	0	0	0	3.40319832578657e-05	0.000268752573668734	0.364587639463568	0	6.50611444635669e-06	0	0	0	0.000300682581490084	0	1.31123229611189e-05	1.33125110979298e-05	0	1.38129814399573e-05	0	0.000641302696273958	0.000803254898954037	0.1031610507555	0	0	0	0.000509779090389148	0	0	0	8.05757250664174e-05	0	0	6.98656597470303e-05	0	0	0	0	4.07382858410334e-05	0	0	0	0	8.19770420240942e-05	0	0	0	0	0
CG049A	0.328887185355791	0.591833124851847	0.00975835500900128	0.00687518418978916	0.00113967432041976	0	0.00289578381564364	0.00153358020103915	0	0	0	0.000533149357097553	0.000274883239690177	0.00458652595634542	0.000395507530959901	0.00342542956262133	6.15634349633863e-05	0.0259216096265592	0	0	0.00366757907347731	0	0.000120323981830879	0.000901128522829924	0.0022407088263747	0.00174459763340146	4.96511605558367e-05	0.00140074332592303	0.000364075143027375	0	0	0	0	0	1.31135121629327e-05	0.00157612403820897	0.00105148344854538	0	0	0	0	0.000693214288002358	0	0	0	0	0	0	0	0	1.74179474530556e-05	0	0.000163068025293262	0	0.000126930789485486	1.401444047947e-05	0.000525741724272691	1.50154719422893e-06	0.0069768889864116	0	0	1.75180505993376e-05	2.64272306184292e-05	0	0	0	0	0	0	0	9.30959260421939e-06	0	0	0	0	0	0	3.47357917598293e-05	0	0	0	0	0	0	0
CG050A	0.522656225441406	0.31377335525374	0.0110805370699737	0.000135651033861101	0.0023008617795053	0.000248276430978251	0.0300193235148014	0.00798579138012263	0	0	9.38044418655731e-05	0.003577282946833	0.00011092350222738	0.00209102815074304	0.00248807021738003	0.00225931552190209	0	0.0146911571343534	0	0	0.0186576734536233	0.000667643354110467	0	0.00141457498779141	0	0.0144107449233977	0	0.000448599470650622	0.00114827849327441	0	0	0.00169658898217275	5.94662096778553e-05	0	0	0.0269811408021691	0.000398043181278035	0	0.000134049250435435	0	0	0	0.00010681893219911	0.00326373384125886	0	0.000104916814381132	0	0	0	0.000129644346014853	1.49166081515159e-05	0	2.21246335670135e-05	0	0.000107920158304256	0	0.000367108738869858	6.55730089882075e-05	0.00218162902575728	0	0.000850847333421031	0.00268809292266009	0.000192013788151728	0	0	0	0.000178198406105358	0	0	4.91547288751296e-05	0	0.000873973081629086	0	0	0	0	0	0	0.0012207591932858	0	0	0	0	0	0
CG051A	0.478099502981352	0.110594853561794	0.0591535835248663	0.223508914038866	0.0790762512811667	0	1.00052067095717e-05	0	0	0	0	0.00169758342241302	0	0	0	0	0	0	0	0	0	0	0	0.000282547037478304	0	4.00208268382867e-06	0	0.00167367097837715	0	0	0	0	0	0	0	0.0454047286207742	0	0	0	0	0	0	0	0	0	0	0	0	0	0	0	0	0	0	0	0	0	0.000333573591697119	3.50182234835008e-06	0	0	0	0	0	0	0	0	0	3.10161407996722e-06	0	0	0	0	0	0	0	0	0	0	0	0	0	0	0	0
ERR688506	0.462777191077032	0.0481956366147979	0.0906960495297774	0.000114815389466414	7.37741430137288e-05	0.0322392003963984	9.1291748206948e-05	0	0	0	0.00813817886976411	0.0168769613461529	0	0.0003726745379106	0.00168329170816671	0.012853217483571	0	0.000479982382294206	8.60865169495343e-05	0.000431233389556504	0	0	0.000120020620723827	0.0150947702440953	0	0.04646509742291	0	0	0	0	2.12213274340712e-05	0.000161762571384241	0	0	0.00121602210221272	0.018366458290582	0.000495598076066447	0.000110410963017833	0	8.76881265672e-05	0	1.83184100020521e-05	0.00283434852026286	0.00137698386878813	0	0	0	6.77681069474822e-05	0	0	4.2042252463726e-06	0	0.00125045670899254	0.0115287864303625	0.00283554972747611	0	0	0.000292093554021792	0.111480137538226	0	0.00235166342173885	7.15719297894384e-05	0	0	0.000237939128824469	0	0	0	0	0	0	0	0.000117918508100641	0	0	0	0.00674357729518166	0	0.000285086511944504	0	0	0.000112913478045436	3.20321923533151e-06	0	0
ERR688507	0.636669617465204	0.0564071965852414	0.0227552811086034	0.00440988233240405	0	0.0183198745690413	0.0625884588944155	0	0	0	3.81361683420556e-05	0.013150071527837	0	0.000154446477038824	0.0153587662539152	0.00201180799870597	0	0.000230718813722935	1.93183214961069e-05	0	2.37224984174992e-05	0	0	0.0133112243651879	0.000414793390051124	0.0669546998373257	0	2.89274347791445e-05	0.000371752570137518	0	0	0	0	0	0	0.0594116460050712	0	0	0.000331214123474703	0	0	0	0.00135718715629903	0.00476892284642755	0.000194184164261386	0	0.000575846132472036	0	0	0.000295680423313471	9.90939807313256e-06	0.00320684136835375	0.000814972920317629	0.00368679655785547	0	0	0	0.000151343534207843	0	0	0.00808927186543718	0	2.32220237673409e-05	0	0	0	0.000466542468877483	0	0	0	0	0	0	0	0	0	0	0.00128662023062673	0	0	0	0	0	0	0
ERR688508	0.274138035384428	0.060153728339905	0.246866385793409	0.00219583331874446	0	0.00364708406840396	0.203914685623194	0.00040615413549442	0	0.00341199485204635	0	0.00857785529608486	0.000444668751791305	0	0.0536614645257875	0.000684959942298102	0.00123436844282405	0	0	0	0	0	0	0.00753055784670282	0.00132620329415013	0.0970995492789514	0	0.00166803301853053	0.000617834468180675	0	0	0	0	0	3.64138190443273e-05	0.00376342822100987	0.00212060476951003	0.00152427846367697	6.63251704021676e-05	0.000144854972462049	0.000312918752666637	0.00446499446539962	0	0.00128508769077865	0	0	0.00150757212362091	0	0	0	0.000159560553229951	0	5.21197794563037e-05	0.00350372966540802	0	0	0.000161461274553693	0	0	0	0	0.000331725889975246	0	5.90223990004207e-06	0	0.00351653452485218	0.000211180142864217	4.80182229155965e-06	0.000863527708765476	2.50094911018732e-06	0	0	0.00043686579056752	0	0	0	0	0	0	0	0	0	0	0.000657549540050449	0
ERR688509	0.639369512709631	0.0674031380762457	0.0271167145375558	0.000109027266786116	0.000133314469212206	0.0200242150832224	0.000855991313454029	0.000316794208064327	0	0	0.00808625965840527	0.0564722000620649	6.70284363899078e-05	0.000176585991438602	0.00512767538382795	0.000474607995007654	0	0.000111148419836429	0	0	0.0037972881906713	0	0.00132550854114093	0.0417633824076233	0	0.0267956780233908	0	0	3.01203733144522e-05	0.000746221643100303	7.27555496257544e-05	0	0	0	2.44993177311214e-05	0.0638882814142237	0	0.000106800056083287	1.55904749198045e-05	0	0	0.000152192731359996	0.00101582019579515	0.00676987207538069	0	0.00013469321869491	0	0.000257401922655548	0	0.000695101854587747	0	0	0.000429639550341007	0.00573814323170818	0.000106057652515677	0.000329415068713693	0.000440351373245091	0.00117639148170389	0	0	4.50745023191627e-05	0	0.000172555800643006	0	0	1.65449937924456e-05	0	0	0.000343414678845762	1.95146080628846e-05	0	0	0	0	0	0	0.00227907289490938	0	0.000307461134642947	0	0	0	6.78768976100332e-06	0	0
ERR688510	0.635679700140589	0.00848737239226804	0.00824655400594933	0.000274034715466123	0.000475033526481618	0.0316646663499776	0	0	0	0	0.000132164972300383	0.0378595117359694	0	3.33163783315878e-05	0	0.000796391506064381	0	2.89142142277143e-05	0	0	0.000672230468498314	0	4.10201655133664e-06	0.100697402843238	0	0	0	0	0	0	0	0	0	0	0	0.160790844779293	0	0	0	0	0	0	0	0	2.75135256492091e-05	0	0	0	0	0	0	0	0	0	0	0	0	0.00134286015004976	0	0	0	0	0.000505348429287838	0	0	0	0	0	0	0	0	0	0	0	0	0	0.0119925955599773	0	0	0	0	0	0	0	0
ERR688511	0.610903083050243	0.00537985548117556	0.0292119628437345	3.53226877623498e-05	0.00325769241583869	0.0130972123394857	3.35215308792838e-05	0	0	0	1.68107975752826e-05	0.00983531722425314	0	0	0	0.0124715104511628	0	4.50289220766498e-06	0	0	0.000218840561292518	0	0	0.140516753911037	0.00359661010266894	0.00867927469813861	0	0	0	0	0	0	0	0	0	0.155044184879948	0.00021203619084538	0	0	0.000187420380110145	0	0	0	0.00114403481356075	0	0	0	3.37216594218467e-05	0	0	0	0	0	0.00241755279415969	0	0	0	0.000405060170147286	0	0	0.000466399568442811	0	6.11392697529623e-05	0	0	0	0	0	0	0	0	0	0	0	0	0	0	0	0	0	0.00118285975081795	0	0	0	0
ERR688512	0.7161025	0.0074773	0.012463	0.0002272	0	0.0187489	0.0219024	0	0	0	1.5e-05	0.06319	0	0	0	0.0035347	0	0.0048373	0	0	0	0	0	0.0008911	0	0.0001447	0	0	7e-05	0	0	0	0	0	0	0.1419364	0	0	0	0	0	0	0	0	0	0	0	0	0	0	0	0	0	0	0	0	0	0.0007007	0	0	0.0006236	0	7.28e-05	0	0	0	0	3e-06	0	1.28e-05	0	0	0	0	0	0	0	0.0007783	0	0	0	0	0	0	0.0003505
ERR688514	0.599032440338707	0.0266742006665366	0.0563972453054858	0	0.00312930547370698	0.0288438308974187	0	0.00840418359373815	0.00366969138566633	0.002138294721584	0.00128516021037246	0.0116062683148471	0.000993436727036379	0	0.00418955759314986	0.0017653010786491	6.20645248677591e-05	0	0	5.3573612670867e-06	0.0114297786398974	0	0.00460419713876475	0.0219981340209624	0	0.0609314935009143	0	0	0.000202164576116479	0.00338585232079879	0.000243001820492008	7.88441846854269e-06	0	0	0	0	0	0.00018376759968988	0.000193168252479296	0.000504602781986732	0	0.00323160074922192	0.00347793828521985	0.00177854285838473	1.46569317684447e-05	0.000397051227492765	7.02521902004765e-05	0.00147974361488457	0.00131568706136605	0.00792444705461375	0	0.000111291599152122	0.00130244528163042	0	0.000343881943974131	0.001761662116279	0	0.00023198385109366	0.0180029576677486	0	0	0	0	0	0.00021702367246104	0	7.08586839288259e-05	4.75086753873726e-06	0.00364644245941293	0	0.000377036934457234	0	0	0	0	0.000469830474894698	0.00306693770197505	0	0.00225484259971515	0	0	0	0.00153149774637039	0	0
ERR688516	0.565843314780059	0.0481851152263043	0.0256837660193158	0.095746473938154	0.0391304260272097	0.00705474155638074	0.000285850644800116	0.00551110779962464	0.0123848139705349	0.00212973330003947	0.00681661659162122	0.00413421186174455	0.000408789580094565	5.45724020717375e-05	0.016974433534439	0.00225347773204346	0	0.000121327941875357	0	0	0.000122234125673597	0.000609257573682812	0.000915648384576349	0.00629858152029449	0	0.0629692018333105	0	0	8.52819641231766e-05	0.00131628231048676	0.000167845376851636	0	3.02061266079728e-06	0	0.00138495090497555	0.0571043802911065	0.000669569139810064	0.00065919836967466	1.72174921665445e-05	0	0	0.00154635230815082	0.00296181140100043	0.00368987973934126	0	0.000434867536066115	0.000767839738374669	0.000320889751665364	0.000191305468517161	0.00198051503459608	0	0	7.94421129789685e-05	0.00204807607110925	0	0	0	1.51030633039864e-05	0	0	0	0	0	0	0.000205703722200295	0	0	0	0.001151759607562	0	5.88012597968537e-05	5.49751504265105e-05	0	0	0	0	0	0	0	0	0	0	0.000114481219844217	0	0
ERR688519	0.729556480041742	0.00623858119068521	0.0658795774270297	0	8.30276980400662e-06	0.0163765632214907	0	0.000457752706302823	0	0	0.000432944430261935	0.079975479820068	0.000367122472056678	5.2817619958018e-05	0.000648016178197047	7.50250283494574e-06	0	0	0	0	5.30176867002832e-06	0	0	0.0447413257062556	0	0.0109948678879274	0	0	0	0.000536879102868717	0	0	0	0	0	0.0178813652234385	0	0	4.55151838653375e-05	0	0	0	2.59086431233459e-05	0.00154381501668957	0	0	0	0	0	6.70223586588486e-05	0	0.000682927824722327	0.000994231675687009	0	0.000364621637778363	9.11304011018076e-05	0	0.000242380858254314	0	0	0.000960420396244187	0	2.36078755872959e-05	0	0	0	0	0	0.000375825375345215	0	0.00101974018532582	0	7.30243609268052e-06	0	0	0	0.00066922325287716	0	0.000103534539122251	0.0129344149208176	0	0	0	0	0
ERR688520	0.587431567980733	0.0903622286366498	0.00584551478215651	0	0.0038638961755101	0.00574357266986992	6.00247962433281e-05	0.0142189738581008	0	0	0	0.0059006375533733	0	0.000106544013331907	0.00603909475004124	0.00131024126066478	0	0.00292120675050863	0	0	0.0105768693047098	0	0	0.0356874424824895	0	0.116396783511268	0	0	0	0	0	0	0	0	0	0.0558398674492433	0.0394289881149903	2.37097945161146e-05	0.000238098358431868	0	0	0	0.00123260919085674	0.00242450156159509	3.65150843813579e-05	0	0	0	0	0.00650438696225411	0	0	0	0.00684862916870959	1.38057031359655e-05	0	0.000506509238966617	1.90078521437206e-06	0	0	0.000325034271657622	0	3.60148777459969e-06	0	0	0	0	1.29053311923155e-05	0	1.43059097713265e-05	0	0	0	0	0	0	0	0	0	0	0	0	0	0	0
ERR688522	0.681954948223081	0.00257316384200574	0.00983454816613554	0.00940975603265357	7.00316753267503e-06	0.04094732047305	0.00504468170953722	0	0	0	0.00012575687983675	0.0261566306440403	0	0	0.00308449511714148	0.000692713314232027	0	0	0	0	0	0	9.00407254201075e-07	0.057318124987932	0	0.0245559066365717	0	0	0	0	0	0	0	0	0	0.101101628266465	0	0	0	0	0	0	0.00216597967260592	0.000679707431671345	0	6.33286435454756e-05	0	0.000499225799829263	0	0	0	0	0	0	0	0	0	0.00378381141790432	0.00878727448424923	0	0	0	0.000156670862230987	0	0	0	0	0	0	0.000132459911618025	0	0	0	0	0	0	0.0154060681646309	0.00167695848832427	0	0	0	0	0	0	0
ERR688523	0.643681506401891	0.0470207822743585	0.0189801424494325	8.27267628846177e-06	4.93333988421683e-05	0.0393377863871901	0.0218673064741057	0.00414602322866616	0.00504633253596168	0.00372895928017224	0.00276539426515885	0.0305825709440001	0.00580086114524711	0.000318296264513377	0.000112185561375238	0.00417649089011878	4.5398833290339e-05	2.36073933109763e-05	0	1.72515566503288e-05	0.000469323049925904	0	0.000320818421918395	0.0323731009289711	0	0.0081299221793377	0	0	6.05317777204519e-06	0	0.000422814467377357	4.73156729181533e-05	6.2145958459664e-05	2.90552533058169e-05	0.000220133898310044	0.0190059693412599	0.000210347927578571	0.000582820133151752	0	0	0.000384679447413472	0.00123807662697564	0.00272705747260256	0.00321907993917363	0	0.000834834101061233	0.000332823891166285	0.00150169251894821	0	0.00218116172386029	4.67103551409487e-05	0.00173453809057955	0	0.00777328912226804	0.00100048939942287	0	0.000110066949155022	0.000642040389021594	0	0	9.11003254692802e-05	0	0.000359760532251886	0	0.00320253458659671	0	2.94587984906199e-05	0.000198039799442079	0.00280100712771771	0	0	3.98500869992975e-05	0.00026523007271178	0.000131858389134384	0	0	0.00143480490456711	0	0	0	0	0.000107040360268999	0	0	0
ERR688524	0.468034095332579	0.118157935221116	0.0524371435168883	0	0.00604894206986675	0.0127860005983011	0.0194639515586886	0.00209144452574104	0.00659766903434792	0.0345588603498907	1.29454605738974e-05	0.0264814950662241	0.00451184424342965	0.00499744954356213	0.000178326228215625	0.00224137102262014	0.0139759794470241	0.000400004696492673	0.094358759656285	0	0.00466277426438424	2.60916259628939e-05	0.0163476078946436	0.0261418021666687	0.00375829801513977	0.00418650173815387	0	0	0.000230609832548962	0.00589309478094223	0.000136378921859895	0.000529358949824097	0	9.05178716097319e-05	0	4.71656315483082e-06	0	0.00454606441440406	0.000609440171048672	0.000147819096320549	0	0.00635160493103632	4.67642219181098e-05	4.2549420801027e-05	0.000251282428504178	9.46323203192652e-05	0	0.000193880851385812	0.000795593887053165	0.00789030839599421	0	0.00099589729252215	0	0.00443778416665805	0	0	0	6.06128541599535e-05	0	0	0.00026553247037622	0	1.61567376154843e-05	0.000207930188442754	0.000458409797686536	0	0	0.000118616545723618	0.00327339518186014	0	0	0	0.000237935558300082	0	0	0.000340596071223315	0.00359913909676611	0.0013284651711415	0	0	0	0	0.00132756199947355	0.000168893101905963	0
ERR688526	0.651227297237262	0.0477376933263924	0.00239437736226581	0.0159373987903164	0.000714932487312227	0.0148612908039292	0.00387373440205107	7.82122999757521e-05	0	0	2.96740433512338e-06	0.0919582706645799	0.000276498496797747	0.000442779118290911	0.0066378715402185	0.00192361986024373	0	0.000332031349355056	0	0	0	0	0	0.0615222402715769	0	0.0542699040765353	0	0	0.000222131410229236	0	0	0	0.000161193642632952	0	0	0	0	0.000298965986763681	0.00114319252010628	3.8576256356604e-05	0	0.000432923096749251	0.0038276336561304	0.00277367522353033	0	0	0	0	0	0.000214077027033901	0.000110323854030837	0	0	0.00679885322539895	0	0	0.000103117300645538	0.000121027705382532	0.0149169296352127	0	0.000177938281381149	0	0	0	0	0.000764000637568017	0.000344006945421804	0	0	0	0	0	0.000703062869971733	4.17556181442362e-05	0	0	0	9.11417045787897e-06	0	0.000876973959755215	0	0	0	0.000509121800926169	0
ERR688528	0.465163733644304	0.129817862684438	0.0473742944523151	0.0069564913599522	0.00624702842750809	0.0126675324383278	0.000260213374967473	0.0686362971957993	0.0203469391197078	0.000409494736301051	0.0104303198375755	0.00831458030152626	0.00144201578627808	0.00093453947051397	0.00666164310289993	0.00336691210249195	0	0.00107829932890649	0	0.000525145125175483	0.00379056196451461	4.23649862022661e-05	0.0025613750188735	0.0125289929099887	8.44287995168384e-05	0.0163676421455717	0	0.00172170500798309	0.000183615070530675	0.00169108576440088	0.000393833746140971	0.000186827581332742	0.000976502892865977	0	0.000818889081639537	0.0107724522379957	0.000806039038431267	0.000355685180366419	0.000405479097798466	0	0	0.00234031411930623	0.000928114448909835	0.00327053677842992	0.00197740078963516	0.000499344647796378	0.0107639190061777	0.00118190280227317	8.89463928322459e-05	0.00896541491183264	0	0	0.000296755685340992	0	0.000313219803201588	0.000302076406356916	0	5.39099468971964e-05	0	0	0	0	3.03180706945127e-05	0.000103804255291808	0	0	0.000141852430103796	0	0.000616300119184151	0	0	0.000130207078446301	0	6.51537347044329e-05	0	0.0354939275514564	0.00263235142940668	0	0.000496433309882005	0.00262271389700048	0	0	0	0	0
ERR688529	0.514910502614176	0.0613075300881921	0.105577598362017	0.00279165313001487	0.000262992935299851	0.00686891310983469	0.00591514176454655	0.0797111026185954	0	0.0017419318145551	0.0117093742916274	0.00385896868307541	0.00040436058858044	0.00037438900941169	0.00141510862191293	0.00328408719867822	0.00079327507322067	0.000318026073841788	0	2.74142771918942e-05	0.00355710475772735	0	0	0.0124046535530949	0.00810859081613531	0.0503116430481075	0	0.00138759205264196	0.000608637870491681	0	0	0	0.000506448083496523	0	0	0.00753984685648258	0.00042492129647436	0	0.000699370944630525	5.60560593326792e-05	0	0.00241143347209595	0.00199346803699864	0.00472528030075508	8.31634602873507e-05	0.000145663920601707	0.00199674138352901	0.00101995432044917	0	0.00423888146475711	0.000395052009384685	0	0.000194048074003818	0	2.10721682892918e-05	0	0.000254707276894838	4.33718415274744e-05	0.0184526727283589	0	0.000130013232503349	0.00546331765127566	0	0.000157325217616169	0	0.00613936600187726	0.000536624246823422	2.91532425361562e-05	0.000605875984356677	0	0	0	0.000978730612582253	0	0	0	0	0	0	0	0	0	0	0	0
ERR688530	0.605228758562595	0.037236303428322	0.0103723880663518	0.0195051880964704	0.000114346489287426	0.00717849637170179	4.67599041131594e-05	0.000248318120343973	0.000839175067178562	0	0	0.0387875907825515	0	0.000411026566133874	0.00786707851428465	0.000105334944597524	0	8.73118552177194e-05	0	2.40307858397393e-06	0	0	0	0.0404856661869521	0	0.0743319266312072	0	0	8.81128814123774e-06	5.1465933006775e-05	0	0	0	0	0	0.128506629843492	0	0.00016441062645355	0	0	0	4.54582365468402e-05	0.00156921031533498	0.00152505374635445	0	0	0	0.00113625565712234	0	0.0024362210427779	0	0.000454682493742734	0.000855896488992048	0.00541433630624193	0.00124179085826853	0	0	0.000376882824586578	0.0105290888156818	0	0	0	0	0	1.97252700434527e-05	0	0.000132970348313224	0	0.000300685207819738	0	0	0	0	0	0	0	0.00123097700464064	0	0	0	0	0	0	0	0
ERR688532	0.126759632258236	0.0933423466510804	0.186947831773005	9.85144028056902e-05	0.0432375213256178	0.0051818575875793	0	0	0	0	0.000233234098825248	0.000618290394055611	0	0	0.000165324170393712	0	0	0.000178026027405207	1.44021055878369e-05	0	0.000879328557835156	0	0	1.58023102977655e-05	0	0.0110948220629856	0	0	1.96028659390003e-05	0	0	0	0	0	0	0.527928383129614	3.0404445129878e-05	0	0	0	0	0	0	0	8.47123849506798e-05	0	0	4.79070040039854e-05	0	0	0	0	0.00011011609897367	0	0	0	0	0.000926535459484177	0	0	8.10118439315828e-06	0	0	0	0	0	0	0	0	0	0	0	0	0	0	0	0	0	0	0.00176215762744513	0	0	0	0	0
ERR688533	0.485342357754527	0.102126595682688	0.00281564264157163	0.0505935568131823	0.000366461081332533	0.0217177252418994	0.0166847928063089	0	0	0	9.71221991509717e-06	0.129330323412918	0	0.00167811139976318	0.00109958349595461	0.00166609628234244	0	0.000232592648069801	0	8.67090973863315e-05	2.19275892928483e-05	0	0	0.0278425314730994	0.00162894954431666	0.0201133065623167	0	0	0	0	0	0	0	0	0	0.0351677480606099	0.0210638024762757	0	0.000207661279421768	0	0	0	0.00117037256275846	0.00344933995953709	0	1.16146135067141e-05	0.00078749082095092	0.000422832007231499	0	0	0	0	0.000940983946000858	0	0.00265784409944592	0.000264232457277747	0.000203155610388991	0.00212377213009408	0.066420970865543	0	0	0	0.000181027769139131	0	0	0	9.57204354518856e-05	0	0	4.40554305427088e-06	0	0	0	0	0	0	0.00105462693160535	0	4.99628632745721e-05	0	0	0	0	0	0
ERR688535	0.717665918018245	0.0262596981157375	0.0678762783851408	0.00348224082196894	0.000647316548198766	0.00848786193915785	0	0	0.0221486526579854	0	0.000352326722245765	0.07173276003108	0	0	0.00407252066704925	0.0110651204049806	0	0.000238553509183159	0	0	0.00147374835706777	0	0	0.00899698956278365	0	0.00557028447806163	0	0.000134786735264142	1.47094655410757e-05	0	0	0	0	0	0	0.032548945246266	0	0	0	0	0	0	0	0.00284423026217371	7.20463618338401e-06	3.20206052594845e-06	0.000487313586292779	0.000275577334014438	0	0.00107959471920181	0	0	0.000184818930982087	0.00219841467984648	1.12072118408196e-05	0	0	0.0016143388270352	0	0	0	0	2.93188666907155e-05	0	0	0	5.30341274610212e-06	0	0	2.77178364277413e-05	0	0	0	0	0	3.91251770514326e-05	0	0	0	0	0	0	0	0	0
ERR688536	0.784255843839011	0.0225137324698344	0.0663146827083951	0.00371918659611237	0.000646593083125802	0.00738741857396944	0.00295206431774219	0.000719270986570505	0.00230166715702562	0.000246764506874919	0.00166808802355245	0.0337605879742496	0.000305127065701726	0.00137217082991258	0.00170783062364549	0.000444976970815017	0.000324748097485695	0.000206421262951758	0	0	0.000577519042661829	0	0.00290471356246761	0.00429450327806376	0.000745999637010912	0.0154881016962082	0	0.000194808815569409	0	0.000678727528037303	0.000130940354966489	0	0.00019110484528366	0	0	0.00603546941967095	0.00381058456559586	3.35359471817842e-05	4.45477507340118e-05	0	0	0.000745398993180791	1.17125546873694e-05	0.00126495590623589	1.35144861777339e-05	0.000293114189099296	0	1.47157738379769e-05	4.98534379000851e-05	0.000324948312095735	9.81051589198462e-05	1.48158811429972e-05	1.8319636818706e-05	0.00025897759808739	0	0	0.000353579001331527	0.00547426786772742	0.00198232485401101	0	1.24133058225112e-05	6.42688898230013e-05	9.58026909043804e-05	0	0	0.000931398365908417	5.80622369117457e-06	0	1.28137350425922e-05	0	0.000988059100549879	0	5.55595542862394e-05	0	4.5048287259113e-06	0	0	9.00965745182261e-07	0	0	0	6.16660998924747e-05	0	0	0
ERR688537	0.799738501009425	0.00141698812094469	0.00154534903933043	0.000454130692490595	0	0.00977740871922901	0.00496793887491203	0	0.00147288884927999	0	0	0.0148305535516934	0	0	1.82655880736549e-05	0.000675626037977169	0	9.3535868596958e-05	0	0	0.000231631743263711	0	0	0.00457292044272574	0	0	0	0	0	0	0	0	0	0	0	0.107590636457391	0.00313355195837212	0	0	0	0	0	0	0	0.000212061470327653	0	9.91560495426979e-05	0	0	0	0	0	0	0	0	0	0	1.17421637616353e-05	0	0	8.44030745601305e-05	0	0	0	0	0	0	0	0	0	0	0	0	0	0	0	0	0	0	0	0.00129796071734384	0	0	0	0
ERR688538	0.713880456497463	0.00187633212779144	0.00819982547050343	0.011198976029602	0.000429921925858173	0.00559478668150287	0	0.00681563291349427	0.0285849066795343	0	0.000261274097334004	0.0145566282597745	0	0.000356000961872787	0.00185492605702977	0.00313418885595955	0	0	0	0	0	0	0	0.0407566585883757	0	0.0578574083610112	0	0	0	0.000114632509779774	0	0	0	0	0	0.0746836802917307	0.00150232605967052	0.000661787682986895	0	0	0	3.72105529128061e-05	0.000890352503970126	0.0105719982186948	5.6315971209435e-05	0	0	0.000774819738877946	0	0.00192714653875839	0	0.000442325443495775	0.000210359657999008	0.0093725580574651	0.000108930892801198	0	0	0.00197536021215617	0	0	0.000102228992142172	0	5.09144393349954e-05	0	0	0	0.00011243188568278	0	0	3.40096451353604e-06	0	0	2.24063544421198e-05	0	0	0	0	0	0	0	0	0	0	1.34038013180538e-05	0
ERR688539	0.772683028836519	0.0156996389463615	0.0546712184536256	0	4.10618267926016e-06	0.00515095579413924	0.0672324318726707	0	0.00614254883578204	0	0	0.0172017006005943	0	0	0.0148027885587329	0.000744821477698971	0	0.000331999892237742	0	0	0	0	0	0.000258589357996335	0	0.0366087217523425	0	0	0.000100851852634512	0	0	0	0	0	0	0	0	9.23390348848261e-05	0	0	0	0	0	0	0	0	0	0	0	0	0	0	0	0	7.92192804706046e-05	0	0	1.40211115877176e-05	0	0	0.000200201443313197	0.000141613227035948	0	0	0	0	0	0	0	0	0	0	0.00020711184831	0	0	0	0.00373422261899742	4.32651443278144e-05	0	0	0	0	0	0	0
ERR688540	0.608249441285065	0.0779856138536879	0.0232051918763459	0.0205295681306558	0.00481522717003253	0.0200757776212788	0.0232769394226816	0.00293310075594436	0.00112221304034553	0.00301634826360761	0.0105509600941165	0.0116846730957896	0.0017851400145734	0.00879696156773986	0.000693763153716828	0.00318874591395179	0.00314681685141236	0.00138762807700293	0	0	0	0	0.0143567349065552	0.0277633491144012	0.00452162196268721	0.0201991223392346	0	0	0	0.00503169104387083	7.83625683382658e-05	0	0.000163340158679112	0	0.0025038367127615	0.0583176268964759	0.0138516525342658	0.000278238002385479	0.000355277566323228	0	0	0.000502945211334688	0.000822908737121061	0.000714015298001653	0.00179796298030148	0.000107977512995974	0.00154740630075757	0.00100762050534697	0.000293096359498968	0.00176570202684274	3.94865928769443e-05	0	0.000316706899569718	0.0060910104904072	0	0	0	0.000490020476037337	0	0	0	0	1.6486670221817e-05	0.000104313808502237	7.65307160913972e-05	0.00278472072394801	0.000201096668878459	6.68626070107021e-05	0.000111641217489711	0	0	0	0.000285870720080764	0	0	0	0	8.34510468017895e-05	0	0.00125685418049037	0	4.80352366956642e-05	0.000630462481630593	0	0
ERR688542	0.802843721236648	0.0802287374990001	0.0124136385224967	0.000644359220441625	0.000119088169552684	0.00372491354579812	0.0025152864902491	4.10994524550507e-05	8.32013305797368e-06	0	0.00010766051691884	0.0118691208987508	0	7.11722225441122e-06	0.00984963414470335	0.00671685344195885	0	1.83443897543275e-05	0	0	0.000133823826896324	0	0	0.0254147987299668	0	3.88941159818529e-05	0	0	1.85448748882546e-05	0	0	0	0	0	0	0.0327132595454481	0	0	0	0	0	0	0.000356462568122342	0	0.000245494046493705	3.70897497765092e-05	0.00027536633144884	4.25028483925403e-05	0	0	0	0	0	0.00315864328502109	2.33565181025044e-05	0	0.000232161785087555	0.00110467308793819	0	0	0.00234066393859862	0	0.000689468375575217	0	0	9.62328642849968e-05	0.000154373553123849	0	0	0	0	0	4.07987247541601e-05	0	0	0	0.00153020278469841	0.000164698537521094	2.01487559596712e-05	0	0	0	0	2.70654930801554e-06	0
ERR688543	0.363493394527022	0.246878739694924	0.000241201256287389	0	0.162994525101638	0.0229326271168637	0.000361451737439377	0	0	0	0	0.0342317704972547	0	0.00486514238677397	0.00533313885168994	0.00233688102265331	0	0.000481902302586626	0	0	0.0229573374902784	0	0	0.129837805910921	0	0	0	4.66195708958621e-05	0	0	0	0	0	0	0	0.00106274614082992	0	0	0	0	0	0	0	0	0	0	0	0	0	0	0	0	0	0	0	0	0.000530222587442208	0.00123671917470954	0	0	0	0	0.00013885829271128	0	0	0	0	0	0	0	0	0	0	0	0	0	0	0	0	0	3.89163370783055e-05	0	0	0	0
ERR688544	0.595208598457715	0.0445023903757423	0.0180855800022467	0.0314776032151294	0.00221009911872894	0.00345108542014531	0.0154859688142126	0.0630274443712165	0.0176584108565245	0	0	0.00873909363554039	0.00156971666709628	0.000930288901907983	0.00491684734107626	0.00388589205742248	0	6.91617290814145e-05	0	0.000347718018295823	0	1.87755000727153e-05	0	0.00771450292818244	0	0.0773958996641519	0	0	0.000392270052366673	0	0	0.000694799578962063	5.61143476749513e-05	0	0	0.0279579925235322	0.00271014266303843	1.6229669554381e-05	0.00104782141083775	0.00141017795461399	0	0.00191626784640453	0.000916180757785548	0.00244739173829202	1.34716864928522e-05	2.99135085904277e-05	0	0.000525820078307625	0.00560740386917444	0.000391103213379103	0	0	2.10031017762578e-05	0.00324794936003655	3.37322543679292e-05	0.00139766095456552	0.000792707977646335	9.39835766351737e-05	0.00777082942840059	0	6.25850002423843e-05	0	0	0.000726622460441241	0	0.000697133256937203	4.66735595027951e-06	0.000141930051397136	0.000933152961241109	0	0	0.000104166898708511	5.24016781690472e-05	0	0	0	0.0027269027139508	0	0	0	0	0	0	0.000890298147515816	0
ERR688545	0.552147990246375	0.071666098213549	0.0630501197892485	0.0374424599028455	0.0120627535882488	0.00550057927678826	8.20107666400805e-05	0.00223125844410426	0	0.00164688123255314	0	0.00718412295797483	3.23195139468298e-06	0.000161496571253065	0.00167707977839721	0.00515041754287057	0.000371977405831794	0.000537109922403877	0	0	0.00209672846730058	0	0.00466754380480872	0.0489682045671715	0.00213197693719884	0.0190126610685902	0	0	0	0.00494044170069726	0.000315822250349177	1.18168222868096e-05	0.000314408271614003	0	0.000402983939524533	0.0457118115400662	0.0455149655004338	0.0016877856173921	8.78686785429434e-06	0	0.000506507382635472	0.00016109257732873	0.000439141395752549	0.00183857634965028	9.61505539918185e-05	0.000303197440213697	0	0.000905047388992317	0	0.00280694978628216	0.000140791882630877	0.000228559562692737	0.00162456056823361	0.015044430746806	0	0	0	0	0	1.80787281140079e-05	0.00112865802611195	0	0	0	8.46367271482604e-05	0	0.000426617584098153	5.86801175097128e-05	0.000998874977919207	0	0	0	7.77688304345591e-06	0.000103523443110939	0	0	0	0	0	0.000148770762636501	0	0	1.18168222868096e-05	0	0
ERR688546	0.522801279003569	0.0344328043602023	0.0099017689345786	0.000403616633576088	0.000240476341086663	0.158615011355544	0.000741324180880652	0.00174332593981664	1.31614119644377e-05	0.000477381756446541	0.000200583999396003	0.0378641579042951	5.06051188710161e-05	0.000347706139339562	0.000646541609446833	0.000456466334332512	0.0010145510122044	6.19300547473927e-05	0	0	0	0	0.000292407803799057	0.0752205301702413	0	0.0296782697946616	0	0	0	0.0022382562455491	2.78532206689262e-05	0	0	0	0.000153651832701109	0.0673117458970063	0.000509111982190263	0.000202216422585391	0	0	6.15219489500458e-05	1.33654648631111e-05	0.000528292954665567	0.00490124859968698	0	0.000471872328182358	0	0.000298427364309924	0	0.00147734298639579	0	0.00395832015491696	0.000277103836398548	0.00663875903189143	9.72312062178999e-05	5.76449438752502e-05	0	0.00128379881200402	0.0182771201606304	0	0	0	1.79566550832638e-05	0	0.000511866696322355	0	0	0	0.00195431663704499	0	0.000120391210217337	0	1.61201789952027e-05	0	0	8.66204554868804e-05	0.00463465348757012	0	0	0	0	0	4.65240608975471e-05	1.17330416737235e-05	0
ERR688549	0.860825166292419	0.0332142974157206	0.00395502772867907	0.010591795308854	0.0104896958166562	0.0280813681852973	0	0	0	0	4.34849652736482e-05	0.0353718129853922	0	0.0003001865344697	0	0.00573240053741005	0	0	0	0	0	0	0	2.57503135376212e-05	0	0	0	1.42277996978296e-05	0.00129543114291013	0	0	0	0	0	0	0.000373028861091687	0	0	0	0	0	0	0	0	0	7.93550518357819e-05	0	0	0	0	0	0	0	0	0	0	0	0.000766798247094999	0	0	0.0011202889325453	0	5.62098283836789e-05	0	0	0	0	0	0	0.00175092112478572	0.000186364136887064	0	1.6432106693268e-05	0	0	0	0	0.00498494007441139	0	0	0	0	0	0	0
ERR688550	0.68692356389177	0.00325693404018286	0.000865154367228817	0.0354259104529215	1.40057367497727e-06	0.0312268905343629	0.0019839126106053	0.00109244746648227	0	0	0.000169269332718682	0.0102932161013151	0	1.50061465176136e-06	0.00207454973557169	0.00473113787407322	0	0	0	0	0	0	0	0.000181774454816693	0.000195580109612897	0.0520268101814503	0	0	0	0	0	0	0	0	0	0.148815654892244	8.90364693378408e-06	0	0	0	0	0	0.0003037244055165	0.00611650532057931	0	0	0	0	1.26051630747954e-05	0.0061442166711485	0	0.000588741148374374	0.000196780601334307	0	0	0	0	0.000842645147452396	0	0	0.000454886321437261	0	0	0	0	8.27338878004431e-05	0	0	0.000836042442984647	1.46059826104773e-05	0	0	0	0	0	0	0	0	0	0.00298632319798189	0	0	0	0	0
ERR688551	0.518151991717386	0.112390037606054	0.0571152755851052	0.00218986936924138	0.000609527291766498	0.00658548332086404	0.0788947535049589	0.0211580189392304	0	2.39644937207465e-05	0.0123116828120281	0.0309864948449543	0	0	0.0296245633431621	0.00120813405474886	0	0.000613470816049658	0.000275642235792215	0.000444505967917307	0	0	0.00155961329598647	0.0312861015744672	0	0.0277493669885155	0	0	7.77582095833505e-05	0.000152179590927103	0.000110823143957545	2.96269901273364e-05	0	0	0.000113351044139058	0.00580264319265299	0	0.00155678204778318	0.000227814364357983	0.000230443380546757	2.28522176408806e-05	0.00104725848719735	0.00339223981157639	0.0106115182659495	2.11332455174516e-05	0	0.000821365326977316	0.000178368636807582	0.000167650340037965	0.00722746885096117	0	0	1.83019973141566e-05	0.00699793551447976	0	0	0.000201928666499286	0.000121642556734422	0	0	0.000390914484069224	6.91633489662051e-05	0.000219118387733577	0	0	0.000726316280152414	6.81521888935998e-05	0	1.21339208712641e-06	1.35495449729115e-05	0	0	0	7.71515135397873e-05	0	0	0.00278554376801318	0	0.000779199951949673	0.000123968224901414	0	0	0	0	0
ERR688552	0.626123917198364	0.0969481935894978	0.0499788963481167	0.0161678813035266	0	0.0115622371433488	0.0602955472796922	0.00085346092879706	0	0	0.000105067540700401	0.0177211581588	0	0	0.000435594599147801	0.000784250565952468	0	5.39860862130754e-05	0	0.000530846487809461	0	0	0.000417265371361173	0.00742153437872031	0	0	0	0	6.04964676673423e-05	0	0	0.000242186190098731	0	0	0	0.0716887148246594	0.00409703312902755	0	0.000318507892685677	0.000185796270733311	0	0	0	0	1.20191657617236e-05	0	0	0.00114953304539419	0.000615882085573656	0.000626599175044526	0	0	0.00264341518986175	0	9.31485346533582e-06	0	0	0.0017941609690813	0	0	0.000870788559436878	0.00382349694823365	0	0	0	2.57410466730248e-05	7.11133974235316e-06	0	0	4.76760241881705e-05	0	0	0.00143128232279192	0	0	0	0	0.000149338134589416	0	0.0143729190567279	0	0	0	0	0
ERR688555	0.525233492058586	0.00536175610756008	0.0548018998225119	0.0012058943628404	4.06709734516154e-05	0.0139610233793024	0.000139298084071783	0.00124900559469911	0.037712261810444	0.000850836764607794	0	0.0312747584550887	0	3.16216818586309e-05	0.000107371369912265	0.000570817112393422	0	0.000285306878763082	0	0	0	0	0.000462428968144867	0.0678012580345508	0.0030319193933843	0.12731061967922	0	0	0	0	0	0	0	0	0	0.079047188903657	1.50482601770977e-05	0.00170055507744567	8.87643995581505e-05	0	0.000412607025666638	0.000185459638939366	0.000816673146908437	0.00256277971461991	0.00191316259116399	3.87391022126636e-05	0	0.00144270110576243	1.83019380532269e-06	0.000214336030090013	0	0.000325266110179294	0.000651854026995765	0.0245028380205275	0.000902793933192232	0.000317436947789858	0	0.00316135476639406	0	0	0.00154051479691356	9.50684004431509e-05	0	0	6.86322676996009e-05	0.00153217724735598	4.53481353985511e-05	0	0.00104859937301627	0	0	0	0	0	0	0	0	0	0	0.000578747952216487	0	0	0	0	0
ERR688557	0.630134185715304	0.00044350974720745	0.017268660432446	8.06563303811382e-05	0.175056559501156	0.00928568512248955	0	0	0.0237728029255632	0	0.000236865426814087	0.0204793027450371	0	0	0	0.00271059307820582	0.000178424611748845	1.85129294299139e-05	0	0	0.000304012322205829	0	0	0.00121154614382685	0	0.000126888619011518	0	0	0	0	0	0	0	0	0	0.114129908327976	0.000410486683900036	0	0	0	0	0	0	0	0.000207444879503845	0	0	0	0	0	0	0	0	0	0	0	0	0.000659760776926606	0.000154207698656742	0	0.00203582181795766	0	0	0	0	0	0	0	0	0	0	0	0	0	0	0	0	0	0	0	0	0	0	0	0
ERR688559	0.578739933657302	0.0171733413089582	0.032065637415568	0.000262936084594355	0.0213988570468107	0.00286047270408289	0	0.0306993584895089	0.0165479798104636	0.00139151172696997	0.00010257906002976	0.0290833263299437	0.000100004284426604	0.00228403194204819	0.00318922005309393	0.00273523561874536	0	2.49238278385562e-05	0	0.000549560104737752	8.16718821321284e-05	0.000517014941113852	0.00192788898061956	0.0238843394320498	5.34523415215317e-05	0.0482091714742877	0	0.000597553921980592	0	0.00119778561058847	0	0	0	0	0.00515954133565352	0.0471910022097754	0.000120087534131225	0.0017578507997871	7.62133578534364e-06	0	6.44723811030421e-05	0	5.99407760414864e-05	0.00549086346026771	0	2.68806572969553e-05	0.0020205809023332	0.000519383734668756	0	0.00294997190404862	0	0.00104103327186829	0.000537819127987358	0	0.000586739864447334	0	0	0.00154095170297718	0.0461684043312257	0	0	0	7.31236271296484e-05	0.000112260216297629	0.000233274669645991	0.000659863491576982	0	0	0.000441110556332794	0	0	0	0	0	0	0	0.00160974970709353	0	0	9.22799576171337e-05	0	0	0.000248208368144299	0	0
ERR688560	0.250418272203963	0.000474979444251027	0.452043292499449	0.0139318628223329	0.207940995641	0.0183393117012312	0	0	0.00473407857891756	0	7.58765898297742e-05	0.0145738108046262	0	0	0	0	0	0	0	0	0	0	0	0.015294838610093	0	0.00504329069763019	0	0.00603459131647485	0	0	0	0	0	0	0	0.000968978086480493	2.98301105135524e-05	0	0	0	0	0	0	0.00343877109554384	0	0	0	0	0	0.0015563710008883	0	0.000161563081774743	0.000278380997779158	0	0	0	0	0.00384197809268676	0	0	0	0	1.39140448368583e-05	0	0	0	0	0	0	0	0.000238941187234394	0	0	0	0	0	0	0	0	0	0	0	0	0	0
ERR688561	0.917147517135174	0.00031657711818599	0.0144092100835764	0.00105435684132655	0.00252851594648456	0.00773748485130978	0.000169141202797001	0	0	0	0	0.0161006221115464	0	0	0	0	0	0	0	0	0	0	0	2.48060427520144e-05	0	0	0	0	0	0	0	0	0	0	0	0.0283162978501563	0	0	0	0	0	0	0	0	0	0	0	0	0	0	0	0	0	0	0	0	0	0.000184745003882946	0	0	0	0	0	0	0	0	0	0	0	0	0	0	0	0	0	0	0	0.000291370977970234	0	0	0	0	0	0	0
ERR688562	0.467975848671086	0.00885919401634896	0.0182694000998622	2.15004708603118e-05	0.0865493954317599	0.0164099593781104	0	0	0	0	0.00014180310548801	0.00085871880594185	0	0	0.000738116164744008	0.00254325569729977	0	0	0	0	0	0	0	0.0205386497964305	0	0.011830459087054	0	0	0	0	0	0	0	0	0	0.363239854952823	0	0	0	0	0	0	0	0	0	0	0	0	0	6.50014235311753e-06	0	0	0.0010748235386355	0	0	0	0	0.000902019754232618	0	0	0	0	0	0	0	0	0	0	0	3.53007730869306e-05	0	0	0	0	0	0	0	0	0	0	0	0	0	0	0
ERR688563	0.793391038513886	0.0337742205853606	0.0219059044870056	0.000283435481237878	0.00381649878240292	0.00784053273304867	1.3072283546545e-05	0.000548427895766678	2.68539158126699e-05	0	5.99906345701909e-05	0.0416025930546451	8.66418793201237e-05	0.00134705321848234	0.000469487516830565	0.00122078914639711	0	3.4758087259418e-05	0	0	0	0	0	0.0586826968668168	0.00118998314486107	0.00609016409971943	0	0	0	0.000138221664786724	0	0.000432601383412407	0	0	0	0.0138410148875069	4.87423905882801e-05	0	2.64485736871957e-05	0	0	0	0	0	0.000223850188793162	0	0	0	0	0.000721103641218714	0	0	0	2.51312117794043e-05	0	0	6.21186807289308e-05	0.00151334482545816	0	0	0.000547211869390255	0	2.25978234951902e-05	0	0	0	0	0	4.0838219141532e-05	0	0	0	7.07322008952589e-05	0	0	0	0	0	0	0.00752264317114548	0	0	0	0.000289008935463149	0
ERR688564	0.649592276212208	0.0450777459634725	0.00486578384070131	0.0128103302193137	0.0101869188185352	0.00533625957273423	0.00318493719411137	0.00166592371295495	0.000401003426124067	0.000666288820675846	7.15897491948926e-06	0.0113952731204389	0	0.000750885721485021	0.00506492434022232	0.0164183527481036	0	0.00032628792731644	0	0	0.00197375963449299	0	0	0.0607261560005167	0.00497427760145301	0.000418648786841118	0	0	0.000224650649586226	0	0	0	9.37724883820424e-06	0.00598651632281572	0	0.0880114293538743	0.0001453977723085	0.00368566211594494	0.000162135657331531	0	0.000319431444294957	0.0064781664877091	0.000471282377094265	0	0.000420463738229158	3.73073340874792e-06	0	9.93181731788299e-05	0	0.0017781482071154	0.000111014526568418	0.000554870971576752	0.00184852798871826	0.00297228538981274	0	0	0.00020398036988911	0.00157295786963426	0.0193818658728741	0	0.000364099414567264	6.75565238881381e-05	0.000129970685510164	0	0	0	5.53560173352057e-05	0	0.00192364681005657	0.000141566208267083	0	0	0.000330926136419208	0	0	0	0	0.00131160486975657	0	6.66490481941183e-05	0	0	0	0.000292912987903047	0
ERR688565	0.503951618368884	0.0538548249172654	0.110293071059837	0	0.00123411777446685	0.0259691527288115	0.00635871534640952	0.00925426240188576	0	0.00497770290990221	0.011060762824993	0.0509564412752118	0.001137775137501	0.00205064948208488	0.000863943226124881	0.00179221618355714	0.00774013300957074	0.00211974062657564	0	0	0.000768005815812937	2.91763190811405e-05	0.0100961207753728	0.03010975867841	0.000399654787413539	0.0209434304604216	0	0	9.88753035527538e-05	0.00190162738011141	0.000525477663450957	6.68623978942802e-05	0.00011913663624799	0.000196433620480317	0.000514941770449434	0.0166320214762022	0.0141429167545924	0.000887446372051356	0.000216391033185125	0	0	0.00158190355018058	0.000827067600619551	0.00170448461298676	2.14770126569506e-05	5.55160515849478e-05	0.00146854139375074	0.00061189224739614	0.00502248045515868	0.00309917344906336	0.000242325539035028	0.00178482079712338	0.000916723997795972	0.00133967931780903	0	0.000307567030313689	0	0.00327635880348321	0.0208137579311721	0.000317292470007403	5.18690116998053e-05	0.00458524089559548	1.7222132790951e-06	3.19115989949974e-05	0.000531353449932575	0	4.45749319295202e-06	1.84378127526651e-05	0.00368310505734008	0	0	0	2.67449591577121e-05	0	0	0	0.00665260597715393	0	0	2.07678660126173e-05	0	0	0.000157430555041987	0	0
ERR688566	0.827951815430853	0.00587558976188177	0.0132662750412459	1.26887361384369e-05	1.17823978428343e-05	0.0169067338619165	0.00120996162462952	0	0	0	0	0.00724647678610829	0	5.28697339101539e-05	0.000506743811496942	0.00705282250361453	0	0	0	0	0.000311981782197441	0	0	0.000513793109351629	0	0.0937208177950864	0	0	0	0	0	0	0	0	0	0.000454276894607055	0.00287248817152996	0	9.10366465805316e-05	0	0	0	0.000568979041128323	0	0.000427590267014311	0	0	0.000682573440843853	0	0	0	0	0.00141962788367893	0	0	0	0	0.000570489604954327	0.017934622193385	0	0	0	4.66260700960024e-05	0	0	0	0	0	0	0	0	0	0	2.76936701434139e-05	0	0	0	0.000137360603911333	0	0	0	0	0	3.02112765200879e-06	0
ERR688584	0.562412380367762	3.14025561680721e-05	0.00218967823980872	0	9.90080592560234e-06	0.0100044143593288	0	0	0.00859109931548428	0	3.29026782780118e-05	0.0949529291684343	0	0	0.00013661112014518	4.2003419078313e-06	0	0	0	0	0	0	0	0.060560729643393	0	0.0077572314386391	0	0	0	0	0	0	0	0	0	0.247107414543544	0	0	0	0	0	0	0	0.00244509903106113	0	0	0	0	0	0	0	0	0	0	0	0	0	0.000148512088884035	0	0	0	0	2.11017176798191e-05	0	0	0	0	0	0	7.70062683102404e-06	0	0	0	0	0	0	0	0	0	0.000262721385520781	0	0	0	0	0
ERR688585	0.373681545364261	0.0299642723663395	0.0259221099158284	0.000132741598489824	0.000981771324550419	0.0226574929998176	0.000110428613840951	0.0038872111682273	0	0.00103352505283322	0.0168614886355631	0.0459013216517972	0.000135427420716077	0	0.0192481515861536	6.4459733430078e-05	9.58631933062699e-05	0.00024781875079929	0	0	2.27261880682967e-06	0	0.00246238247719995	0.129108094221123	4.79315966531349e-05	0.0128894674654991	0	0	0	0.000187387750708592	0	0	0	0	0.000158153608784374	0.264618982027924	0.000220237422552767	0.000432520679281629	2.92341419242181e-05	0	0.00041640574592411	0.000404009643341402	0.000400394113421446	0.00226776366665145	0	1.14663948890043e-05	0	1.22928017278514e-05	6.92115727534492e-06	0.00405951699412693	0	0.000905431992811913	0.000182326008820653	0.00774291557572356	0.000500595942631664	0	0	0.000635403558218606	0.000874958240629424	0	0	6.40465300106545e-06	0	0	2.42757008911352e-05	2.541201029455e-05	2.1486577810026e-05	0	0.00308879886104609	7.54096240448028e-06	2.541201029455e-05	0	0	0	0	0.000178090673771562	0.000924749252669966	0	0	0	0	0	2.21063829391614e-05	4.66919863948642e-05	0
ERR688586	0.581181186863052	0.182091743862671	0.0135480403659277	0.000183523427166622	0	0.00961702872763409	0.00329860795976204	0.000145815881475556	0.044083931781835	0	5.71630346912429e-06	0.0246507062793794	0.000564610325108241	0.00497669402904023	0.00225934387466493	0.00835292337275143	0.00139768634121378	0.000606128739778723	0	0	0.016922865705278	0	0	0.021429519131515	0.000303365227966684	0.00455138099373222	0	0	0.000660985195877161	0.00514948685144902	0.000328236162358663	0.000350499660080516	0	0	0	0.00286366746597972	0	0.00557048758764873	0.000457103705478395	0.000101589744109174	0	0.00230718030895918	0.0013414258807545	0.00697038022142954	0	1.91546309228551e-05	0.00916704532998565	0.000190443162945036	0.00132467811445022	0.00183563541576932	5.06444430159257e-05	0	0	0	0	0.00119039512593869	0.00094569722304986	0.000258637660471431	0.000122449237470189	0	0.00019495603410487	0	0	0.000149526464429199	0	0	0.000200170907445124	0.000139497861851787	8.70482703719278e-05	0	4.22204168509005e-05	0.000454095124705172	0.00103485149996304	0.000259640520729172	0	0	0	0	0	0.00396129801807736	0	0	0	8.37388315213821e-05	0
ERR688587	0.683148032590112	0.0341737979255195	0.0146803344984998	0.000689297271324902	2.30000109476035e-05	0.0145885353281675	0.0022653504232454	0.000136393078021159	0	0	0.0104382888112379	0.103797241545412	0	0	0.00039863337751545	0.00323386180127046	0	0	0	0	0	0	0	0.0068270862190061	0	0.0617980163143396	0	0	0	0	0	0	0	0	0	0.0267643795516042	0	0	4.76070095596683e-05	0	0	0	0.000478982760738519	0.00485621628527325	0	0	0	0	0	0.00892360250075403	1.00436729028836e-05	0	0	0	0	0	0	2.05895294509114e-05	0	0	0.000179781744961617	0	4.41921607726879e-06	0	0	0	0	0	0	0	0	0	0	0	0	0	0.00434318547339396	0	3.37467409536889e-05	0.0133289583094168	0.0009432013223098	0	0	0	0
ERR688588	0.913280583201458	0.0063516158790397	0.000134600336500841	0	3.30000825002062e-06	0.0205061512653782	1.10000275000688e-06	0	0	0	0	0.0236885592213981	0	0.00034400086000215	0	0	0	0	0	0	0	0	0	0.0345090862727157	0	1.69000422501056e-05	0	0	0	0	0	0	0	0	0	9.54002385005962e-05	0	0	0	0	0	0	0	0	0	0	5.51001377503444e-05	0	0	0	0	0	0	0	0	0	0	0.000518601296503241	0	0	0	0	0.000124700311750779	0	0	0	0	0	0	6.23001557503894e-05	0	0	0	0	0	0	0	0	0	0	0	0	0	0	0
ERR688589	0.228674130571986	0.0305018835332168	0.123813631349334	0.000954453147370787	0	0.0142614930167313	0.148665371035938	0.135790331874795	0.0136745190181095	0	0.000498851931529356	0.012868151459347	0.000853771153474304	0.00012175025821285	0.000510905409671893	0.00338084868438312	0	0.000785603163642982	0	0	2.32966384267517e-06	1.99540772611743e-05	0.000698493993873389	0.0175925071528277	0.000272671959325285	0.00768282619421354	0	3.1095947813099e-05	0	0.00114558687220244	0	2.15747129778179e-05	0	0.000661016792926006	0	0.0627691458105199	5.97609420512325e-06	0.0291537171964339	1.09392910873443e-05	0	0.00311040509916822	0.000745998878317505	0.00260740028861496	8.95401233445586e-05	4.42636130108282e-05	0.00123887471564174	0.00014443915824586	0.000113140630968181	0.00521915603571841	0.000721081604174109	0.000160037777018555	0.00344597798224573	0	0.00843368697968097	0.000408197621129605	0	0	0.000100074255502742	0	4.09210518452508e-05	0.000309744001343507	0.000592848803094685	0	8.10317858321797e-06	0.00548504158298025	0.00163593046621942	0	8.10317858321797e-07	0.0172687851684281	8.81220670924954e-06	0	0	0	0	0	0	0	3.83888085379951e-05	0	0	0	0	0	0	0
ERR688590	0.518745643114064	0.175061210037541	0.0760063087004612	0.0233442627038098	0.00269219609972878	0.00973519583693328	0.0079843987542649	0.00293287414830231	0	0	0	0.0273364620809422	0	6.53470056695062e-06	0.0112862321499627	0.00391277763178028	0	0.00102524425202711	0	0	0	0	0	0.0320294829604164	0.00860318463102768	0.0133833683626795	0	0.000303813309435766	0	0	0	0.000324422749685379	5.69021618599085e-05	0	0	0.0217243607001901	0.000426766213949314	0.0144126339689017	0.000628135525266269	0.00100835456440792	0	4.16210159187316e-05	0	0	0.000358302658778646	1.1058724036378e-06	0	0	0	0.00252993445795865	0.000141451133810762	0	0	0	0	0	0.000583599027556129	0.000399521539277873	0	0.000157134415171443	0.0197397218710798	0.00284490702528567	0	9.18879433568134e-05	0.00707175241969909	0	1.00533854876163e-06	0	0.00118418827658633	0	0	0	0.00197488704518735	0	0	0	0	0.0010843581586943	0	0.00518985919027218	0	0	0	0.00169369385309872	0
ERR688592	0.360432182847154	0.0722346962018951	0.0431107674093624	1.39752096102926e-05	0.0005080039697756	0.0232153733834278	0.0112640189458958	0.00663445023820592	0	0.00868829600677257	0.000451083043041707	0.00898748790302796	0.00059991392494986	5.34526265386374e-05	0.00156971186484075	0.00276341918498414	0.00494100166345798	0.000177597371762916	0.000371414147380112	0	0.00181596117870386	0	0.000104865076491831	0.0129680764388881	0.000295927613718678	0.0328983574844337	0.00229530066745397	0	2.79504192205852e-05	0.00435485893045987	2.95825604889406e-05	0	0	7.54865336614345e-06	3.18267547329292e-05	0.316126279994039	0.000857282201203643	0.00649439211561518	0.000402016796161775	0.000765576263687927	0.000424458738601661	0.00132601277170944	0.000350808363867126	0.000902064077254143	0.000530751938703302	0.000686009376855604	1.91776599031753e-05	4.68220526359439e-05	0.0011312779166288	0.000857690236520732	4.70260702944883e-05	0.000193102713812291	0.000349992293232948	0	0.000151993155615591	7.27322952710849e-05	5.5696820782626e-05	0.000288582978011079	0	0	0.000127511036590261	4.08035317088835e-05	0	4.89642380506602e-05	0.000929912487645456	0.000597873748364416	1.1220971219943e-05	0	0.00497670475370325	0.000205547790983501	0.000329182492061418	0	0	0	0	0	0	0.000117820197809401	0	0.00116779707750825	0	0	6.36535094658583e-05	0.000138221963663843	0
ERR688593	0.476980071343524	0.0387636354018093	0.0689061942065147	0	0	0.0142797257670671	0.00127973097696384	0.0987959728299878	0.0190225352078809	0.00867948755455864	0.00442660878604998	0.00988758245162511	0.00181855452617793	0.010438729410388	0.0115437284665951	0.00689599964091789	0.00112684054630175	0.000751227030867837	2.8754622280484e-05	0	0	0.000332932438460099	0.00822833053668749	0.0134338188823489	0.00107694576617743	0.0774013315694493	0	0	8.50615829830346e-05	0.00319296535699214	0.000144474443653164	0	1.00190321534787e-05	0	5.85111477763159e-05	0.0513583603413043	0.00465624500300771	0.00082997662359418	0.000299769442032084	8.09537798001083e-05	0.000305580480681102	0.0016606545794391	0.000682696850938042	0.00138132396300012	1.40266450148702e-05	0.000112613921405101	0.00240426714587029	0.00028273708737117	4.71896414428849e-05	0.00416921985002711	0	9.35777603134915e-05	8.8167482950613e-05	0	0.000371104950964853	0.000263801116601095	0	0.000345856989938086	0	0.000187756662556192	1.65314030532399e-05	0.00306061394224469	0	0	0	0	8.63640571629868e-05	0	0.000719867460227448	0	0	0	0.00117282790388622	0	0	0	0	1.2724170834918e-05	0	0.00377206541546321	0	3.52669931802452e-05	1.91363514131444e-05	0.000154192904842038	0
ERR688594	0.353636336569647	0.00211250236879491	0.0106874393719263	0	0.000192319994721259	0.0092765227579331	0.00443965477353918	0	0	0	0	0.00290994636364331	0	0	0.000262931206172265	2.01171542595459e-06	0	0	0	0	9.85740558717749e-06	0	0	0.00157396614926687	0	0.000136595477422317	0	1.99159827169504e-05	0	0	0	0	0	0	0	0.612429544696494	0	0	0	0	0	0	0	0	0	0	0	0	0	0	0	0	0.00131103494309461	0	0	0	0	0.000842506420389782	0	0	0	0	0.000156913803224458	0	0	0	0	0	0	0	0	0	0	0	0	0	0	0	0	0	0	0	0	0	0
ERR688595	0.48924024615423	0.0527017766736502	0.033351676140762	0	0.299866221402823	0.0155303443522133	0.00100799820943578	0.0113327525281294	0	0	2.28655534667654e-05	0.0187289028754894	0	0	0.00461138783131507	0.000754059617851127	0	0	0.000163886588063557	0	0.000138200613904855	0	0.000282847903676993	0.0293481896978695	0	0.00340243464757887	0	0	0.000224827820871456	0.000220395731212699	0	0	0	0	0	0.00682380640551787	0.00114599736471978	3.20319207155568e-05	0	0	0	0.000112514639746154	0.000448446890017796	0.00201176578783365	0	0	0	0.000998932571497413	0	0.00616876369981578	0	4.22055810686111e-05	0.000819432940317783	0.0114686363678945	0	0	0.000176276293245989	0.000207703838098988	0.00285708616093099	0	2.83049362297845e-05	0	0	0	0	0.000409867564124531	0.000221503753627388	0	0.000426890817586572	0	0	0	0	0	0	0	0.00108102695949483	0	0	0	0.00221251930351323	0	0	0	0
ERR688596	0.423347010094998	0.0809272473169097	0.0509610405211866	0.00234600295197811	3.63939649837916e-05	0.0131288360959725	9.13498949163366e-05	0.026446837385299	0	0.000325564351516898	0.00456426204405609	0.00361332632288934	9.59382458025453e-05	2.39845614506363e-05	0.00160852982772202	0.000893059931579346	0	8.34245615674307e-07	0	0	4.05651930621632e-05	6.15256141559802e-06	0	0.0475923567250938	0.000747171229538301	0.0257457582260268	0	0	6.88252632931303e-05	0.000647166036359344	0	2.96157193564379e-05	0	0	0.000201470316185345	0.243998072058382	0.00766202457645871	2.10647017957763e-05	4.97418948345806e-05	1.57463859958525e-05	0	0	0.000255904842608094	0.00151321726613123	0	0.000119297123041426	0	7.85233685753442e-05	0	0.00160435859964365	0.000155586807323258	0	0.000385734316547408	0.00486667607973803	0	0	1.19922807253182e-05	0.00160477572245149	0	0	0.00272370765447465	0.00330267411175262	0	0	0	0.000158402386276159	0	0	0.00123708196734304	0	0	0	0	0.000135043509037278	0	0	0	0	0	0.000217633824989035	0	0	0	0	0
ERR688597	0.703481711027601	0.0348953651405	0.0684499902881911	0.00821345845572331	0.000237666628072942	0.00740389086788748	0	0.0282396988528657	0.00922907050132848	0	0.00978195813084554	0.00991825368766042	0	0	0.0048714153493014	0.00681597868265441	0	7.73542330527933e-05	0	0.00036785790517732	1.84129092907037e-05	0	0	0.00256409768888968	3.0321258234148e-05	0.0381155227930302	0	0	5.92415342396554e-05	0	0.000335034892963457	0	7.74543032119819e-05	0	0.000401881759301446	0.0153140366711101	3.57250468303327e-05	4.47313611573074e-05	0.000153907904832078	5.42380262802251e-05	0	0	0.00126698828548695	0.00810968570064472	0.000850396212784783	0	0.000409086810763026	0.000474832905349941	0	0.00124777481492274	3.30231525322404e-06	0.000445312208389302	0.000843091091164015	0	0	0.000172320814122781	0.000249675047175575	0.000158511132154754	0	0	0.00039297551513366	0	0.000128490084398172	0	0	0	0.000108075771923696	2.31162067725682e-05	0	0	0	0.000157910711199622	0.000372060851863241	0.000244771609375333	0	0	0	0	0.000566897451803459	0	0	0	0	0	0
ERR688598	0.744366360236296	0.0235510150808149	0.0471429364407437	0.000810324384793066	0.00257369506219205	0	0	0	0	0	0.000356154669741805	0.0245146630007706	0	0	0.0169591032223446	0	0	0	0	0	0	0	0	0.00876094480502757	0	0	0	0	0	0	0	0	0	0	0	0.122097041895931	0	0	0	0	0	0	0	0.00747464735836951	0	2.27034849849452e-05	0	0	0	0	0	0	0	0	0	0	0	0.00115827779564163	0	0	0	0	2.4203715270294e-05	0	0	0	0	0	0	6.15094416993008e-05	0	0	0	0	0	0	0	0	0	0	0	0	0	0	0
ERR688599	0.620306660816756	0.0146555784388195	0.186335211579276	0.000253229660660163	0.000697313669625278	0.0265433657557318	0.000809770614033055	0	0	0	7.40643854298526e-05	0.0676094978958661	0	0.000488724175965694	0.000416372844348504	0.000146113413433042	0	0	0	0	0.00265150499838872	0	0	0.0438832995189946	0	0	0	0	3.92994698199218e-06	0	0	0	0	0	0	0.0264009807535381	0	0	0	0	0	0	0	0	0	0	0	0	0	0	0	0	0	0.0059290807813702	0	0	0	0.00203803019771261	0	0	0	0	0	0	0	0	0	0	0	0	0	0	0	0	0	0	0.000531953592767608	0	0	0	0	0	0	0	0
ERR688600	0.560291266671338	0.08011656977447	0.0451451252099604	0.00245764833685128	0.0197108723739838	0.00262319897096348	0.0465166548445484	0.0130002323445781	0	0.0292943691066126	4.09778797307426e-07	0.024589698734726	0.000631366681951416	0.00170109423232245	0.000537424892668689	0.0130661042862452	0.0299646647743082	0.000805317781408418	8.9126888414365e-06	0	6.31059347853435e-05	0	0	0.00514415813199877	0.000778169936086801	0.0646600208741319	0	0	0.00102157854168741	0	3.46263083724775e-05	0.000256111748317141	0.000167087304602103	9.9883581843685e-05	0	0.00694913128943865	0.0139438504700777	0.00389371813201516	0.00105845863344508	0.000996889369149639	0.00187115243320503	0.00035650755365746	0.00104514082253259	0	0	0	1.7825377682873e-05	0	0	0.00238481015562989	0	0	0	0	0	0	0	0.000194030260525066	0	3.33969719805552e-05	0.000490300330978335	0	0	0.000275781130587897	0	0	0.000307334097980569	0	0.00084076364737551	0	0	0	0.0140830728164629	4.30267737172797e-05	0	0	0	6.26961559880361e-05	0	0.000458542474187009	0	0	0	9.11757824009022e-05	0
ERR688601	0.708081761635233	0.0502545050901018	0.00688463769275386	0.0259213184263685	0.000283105662113242	0.0205742114842297	0.00502610052201044	0	0.0115463309266185	0	0	0.0352340046800936	4.31008620172403e-05	0.000114002280045601	0.0031077621552431	0.000341406828136563	0	0.00113042260845217	0.000309606192123843	0	0	0	0	0.000641112822256445	0.000386107722154443	0.0984789695793916	0	6.30012600252005e-06	7.50015000300006e-05	1.26002520050401e-05	0	0	0	0	0	0.0123886477729555	0.000274605492109842	0	0	0	0	0	6.88013760275206e-05	0.00402418048360967	0	0	0	0.000424108482169643	0	0.00400618012360247	0	0	0	0	0	0	8.39016780335607e-05	0.000520110402208044	0.00406238124762495	0	0	0	0	0	2.76005520110402e-05	0.00359117182343647	0	0	0	0	0.000120302406048121	0	0	0	0	0	0	0	0	0	0	0	0	0	0
ERR688602	0.700265570026557	0.00692690069269007	0.0328449032844903	0	3.90000039000004e-06	0.0288312028831203	0.0185956018595602	0	0	0	1.34000013400001e-05	0.0165058016505802	0	0	0.000484400048440005	0	0	0	0	0	4.70000047000005e-06	0	0	0.0189097018909702	0	0.155348715534872	0	0	0	0	0	0	0	0	0	0.00877910087791009	0	0	0	0	0	0	0.000732900073290007	0.00332240033224003	0	0	0.000138400013840001	0	0	0	0	0	0	0	0.000544500054450005	0	0	0.000273500027350003	0	0	0.000268400026840003	0	4.30000043000004e-05	0	0	0	0	0	0	3.45000034500003e-05	0	0	0	0	0	0	0.00185070018507002	0	0	0.00465020046502005	8.02000080200008e-05	0	0	0	0
ERR688603	0.797956978715268	0.0356511726397107	0.0383446927339089	0	7.00343238221052e-07	0.0189637941555156	0.0215238488383157	0.012039300461156	0	0	0.000114956340102284	0.0141634415026805	2.5412454644021e-05	8.60421692671578e-06	0.000385388879089642	0.00190293262728063	0.000424307953327926	5.25257428665789e-05	0	0	0.00138758005298397	0	0	0.00208031956461862	0	0.0096393242328065	0.00250292668436801	0	2.41118172016105e-05	0	0	0	0	0	7.80382465446315e-06	0.0216590150832923	0	0.000295244699427189	0.000332763087189031	0	0	0	0.000912147043265905	0.00927334486631898	0	0	0.000395793978628926	0.00119308473082658	0.000674030342270747	0	0	0	0	0	0	0	0	0.000886834637655915	0	0	0.000174785662453168	0.00375173872715018	0.00025032268314701	0	0	0	0	0	0	0	0	0	0	0	0	0	0	4.79234873011263e-05	0	0	0.0001729847798406	0	0	0	0
ERR688604	0.394356491626665	0.194266310530081	0.0434625638033826	0.0353594122411081	0.0118627172550435	0.0200695051800207	0	0.0363157632551062	0.00017707541060388	0.0210567724925059	1.6536624772172e-05	0.000827961070114775	0.00311114512018069	3.14298582626375e-05	0.00442421475426422	0.00466127394665038	0.0029415676822996	0.00059480493202266	0	0	0	0	0.017889546644837	0.0141361436693743	4.96098743165161e-05	0.120598112256977	0	0	2.03369671111184e-05	0.00348933053888341	0	0	0.000240448686904688	0	0.000374385076363771	3.37922332300907e-05	0.00990954671673532	0.00392246685356819	0.000783589505508699	0	0.000576727627923888	0.00199538515185706	0.000488600770442375	0.0168327433387445	0.0020654347052398	0.000236442920655528	7.2206504439981e-05	8.95648248530064e-05	0.000265304980040499	0.00380917556708554	0.000166701503138107	0.00447115411774796	0.000625618518554658	0.000745688794074342	0	0	0	0.000404582391165128	0	0	0	0	0	0	0	0.000879008911802785	6.22434447946351e-05	2.29047659887849e-05	0.00198809260304448	0	0	0	0	0	0	0	0	0	0	0.000428411564749873	0	0	0.000308444001185296	0	0
ERR688605	0.416180190125098	0.0277674250693128	0.0429457551326008	0.00203537774892118	0.00117370998451477	0.0219869361413707	0.00668215693819378	0.0225334382407791	0.0329315877911189	0	0	0.0287462723952258	0	5.00758745217477e-05	0.00113522108297089	0.001628020081534	0	0.000270329117388026	0	0	0.000395266912975485	0	0	0.03517371744048	0	0.079732479967887	0	0	8.93708263597388e-05	0	0	0	6.98241067275073e-05	0	0	0.243534292754847	4.22168841541495e-05	0.000609978560069739	0.000119396199815435	0	0.000432647495364959	0	0.00409292188093045	0.0012179419944042	0.000240102231358802	0	0	2.9017810588055e-05	0	0.00996902852501159	0	0.000125139308160987	6.21666289334373e-05	0.00171598031987904	0.00031043011952013	0	0	0.00107809226837565	0	0	0.00608688879599159	0	0.000197583078344361	0	0.000397584307571059	0	0	0	0.00140847213267507	2.36777273895588e-05	0	0	0.000186399130513548	0	0	0	0	7.05294007348559e-06	0	0	0	0	0	0.000178640896432714	0
ERR688606	0.626561693564799	0.0714099636176939	0.000338612156176407	6.10021899786202e-06	0	0.00546129606052857	0.0831854863589603	0.0068119445488093	0	0	2.14007682875815e-05	0.00636652855837525	0	0.000224408056249219	0.00123004415858529	0.00249248948037235	0.00611091938200581	0	0	0	0.00344392363685856	0	0	0.00999105867900658	0	0.124588972744122	0	0	1.4900534929204e-05	0	0	0	0	0	0	0.0134090813860218	0.00937683662843496	0.00711335536945776	0.000311111168890963	0	0.000270909725659151	0.000902832411683579	0	0	0.00161945813854717	1.02003661931463e-05	0	0	0	0	0.000287010303669902	8.27029690365884e-05	0	0	0	0	2.59009298433814e-05	0	0	0	0.00739476547208045	0.000581920890959985	0	0.000145505223637529	0	0.00219037863459298	0	0	2.90010411373768e-06	0	0	0	0.00051511849275389	3.00010770386657e-06	0	0	0	0	0	0	0	0	0	0	0
ERR688607	0.9191069	0.0002093	0.0353373	0.000662	0.0084017	0.0181061	0	3.46e-05	0	0	6.12e-05	0.0150224	0	0	0	0	0	0	0	0	0	0	0	0.000202	0	1.3e-06	0	0	0	0	0	0	0	0	0	0.0012395	0	0	0	0	0	0	0	0	0	0	0	0	0	0	0	0	0	0	0	0	0	0.0007268	0	0	0	0	0.0002115	0	0	0	0	0	0	0	0	0	0	0	0	0	0	0	0	0	0	0	0	0	0
ERR688608	0.658592324178064	0.03229987071089	0.0128097749569245	0	8.30251150973169e-06	0.00528169771355835	0.0231541041164952	0.00350486022021662	0.0316427719385114	0	0.000219966539878313	0.00558799036708604	0	8.04243283593287e-05	0.0006498965937196	0.00374413260011153	0	0	0	0	0.000502251931209191	0	0	0.0440692309423601	0	0.0303877923071729	0	0	0	0	0	0	0	0	0.000136441273485229	0.0670035685794953	0	0	0.000190357583168909	0	0	0	0.00640793840136641	0.00598030904348565	0	0.00143943542921734	0	0.00108442803948194	0	0.00351406300405873	0.000563370419551914	0	0.00264119896268621	0.0128383836110423	0	0.00179584324258088	0	0.000559069118408319	0	0	0	0	0.000223067477912068	0	0.000501151598358503	0	0.000343303849414448	0	0	0	0	0	0	0	0	0	0	0	0	0.00181184808404542	0	0	0	0	0
ERR688609	0.592384265085221	0.0400469246527157	0.0176603554692777	4.75546236440157e-05	0.000343415970315279	0.032644868513511	0.0227503364873128	0.00238437860271016	0	0	1.44197891049596e-05	0.0246222501027538	0	0.000521464571958787	0.00138542470216232	0.00296832892745711	0	0.000376346268838662	0	0	0.0101489748296956	0	0.000738272748572364	0.0677046937640753	0.00760751256694847	0.000192672926764141	0	0	0.000106358728150057	0	0	0	0	0	0	0.00849335805082904	0.0194581247790372	0.0201229690979829	0	0	0.000783372940028302	0	0.00168404728504518	0	0	0	0	0	0	0.00399786096234809	2.98622582882851e-05	0	0.000112392540612416	0	0.00567198825063312	0	0.000107892748267606	0.00203390613985416	0.0513895716698801	0	0.0362913366009325	0.00130033771964228	0.00070687647016653	3.61006067663173e-05	0	0	0	0	0.00810341013694811	0	0.000273873724986396	0	0	0	0	0	0.00203922407626166	0	0	0	0.000330018861288685	0	0	0	0
ERR688610	0.386684071389722	0.0226459732604764	0.153339354153227	0	0.00606362336988831	0.0155274415310085	0	0.0014827407379299	0	0.0203172820298764	0.00638965835641736	0.0103694709014786	0.00269044637549172	0.00268336305796936	5.39344034202305e-05	0.0087731947026904	0.0258694898746506	1.2446400789284e-05	0	0	0.0130510125349423	0.000229398297474038	0.0101748820501145	0.0110519991398829	8.47974297676419e-05	0.00495781631439811	0	4.50296613921249e-05	0	0.00416944307415981	0	0	0	0.000150773472975879	0.00362625381044536	0.0438879317977713	7.05296044726091e-05	0.00343176614933151	0.000265219646087099	0.00021270190617134	0.00108799757143399	0	0.000154719892738335	0.00405479452054795	0	0.00050736791510138	0.00043704069112941	0	0.00315784414171695	0.000377237253190655	2.51963723295261e-05	0	1.99344793129182e-05	0	0.000156743697744722	0	0.000156844887995042	0.000404457430526569	0.00065308187556129	6.547009195664e-05	0.00544251761342795	0.0013094018391328	2.21606648199446e-05	3.81487243704069e-05	0	0	2.49939918288873e-05	1.22440202886452e-05	0.016572838007058	0	0	0	0.000541469029459012	0	0	0	0.00341092095776572	0	0	0	0	0	0.00636294413033304	0	0
ERR688611	0.63550667064343	0.0432263181290063	0.0495159447587672	0.000990593247444262	0.000376629180934414	0.0188844130692141	0.00958356855846341	0.00503476759387311	0	0.00401512528266101	0.0013901187390568	0.00800806030827714	0.000570793930077088	0	0.00280172168152523	0.00236043816074642	0.000162694930060849	0.00651566465720441	0	0.000364424539559731	0	0	0.000491211599129779	0.0200577733428644	6.34439621873985e-05	0.0169773622058165	0	0.000149582505443421	0.000287868152754905	0.000943892842845271	0.000461355616923944	0	0	0	3.35879799815639e-05	0.0793872584149237	0.00386019694256587	0.00158206446249499	0.000609223420686625	7.06053633246089e-06	0.0006318171369505	0	0.00725389416316557	0.0235846121057333	0	8.4121247161034e-05	0.000663488685641825	0.000335274610987143	0	0.000813373785499494	0	6.7882013596374e-05	0	0	0.000116599714290354	0	0.000483344144359322	0.00033930920317712	0	0	0	0	0.000168040764712569	2.66283084538525e-05	0	0	8.88618929842577e-05	4.43805140897542e-05	0.00116085303786132	0	0.000309856680190284	0	0.000938345278584052	0	0	0	0	0	0.00632301288013297	0.0275351839133547	0	0	0	0.000175303030654529	0
ERR688612	0.471521181734769	0.0405847631990651	0.0726074281641179	1.3112096625259e-05	0.0713529031039258	0.00770376021646659	3.15698941823544e-05	0.0089081567226375	0	0	0	0.00358484721734581	0	3.61086968603286e-05	0.000466488053014022	0.000335367086761432	0	0	0	0	1.68440010493712e-05	0	0	0.133789782227239	0.000438952650100978	0.0724561347415187	0	0	0	0	0	0	0	0	0	0.0818444967874859	0.000775328359679738	0.000515607984217877	0.00011357092923109	0	0	0	0	0.00288496384440218	0	6.95949743956055e-05	0	0.000772806802636419	0	0.000325583445433354	0	0	0.00121992929755775	0.0183709551325235	0.000537394237072154	0	0	0.00102163405167114	0	0	0.00117353264796068	0	0.000227847894434308	0	0	0	0	0	0	0	0.00015230204541647	0	0	0	0	0	0	0	0	0	8.62372508815111e-05	0	0	0	0
ERR688613	0.516665240751942	0.00388969523949614	0.0181089168701722	0	0.0193893382604941	0.0280791127508297	3.84246494125982e-05	0.004309164328917	0.0300946056895498	0	0.00287824639506243	0.0147679736550997	1.60102705885826e-05	0.000222242568607762	0.000834735482812224	4.20269602950293e-06	0	9.18589275019925e-05	0	0	1.18075745590797e-05	0	0.000291086732138667	0.0929670383551048	0	0.0870029123682843	0	0	0	0.000860852236709849	0	0	0	8.30532786782721e-06	0	0.106616194288636	0.000455492198245174	0.0017479212915085	0	0	0	6.14394133836856e-05	0.000386047649567197	0.022154712247907	0	0	0	3.902503455967e-06	2.03130308092641e-05	0.0128789618540294	0	0.00219821015181239	0.000529339571335011	0.00726826259045177	0	0	0	0.000656220965749528	0	0	0.00047200278978965	0	4.59294637509963e-05	0	0	0	8.40539205900585e-06	0	0.000356128456404784	0	0	0	0	0	0	0	0.00595001693586436	0	0	0	0	5.08326091187497e-05	0	0	0
ERR688614	0.508687161665923	0.067410924881926	0.00792850043369233	0.000113829218929329	0.000442402214994462	0.0202910343822307	0.00221481425714471	0.113641806178374	0.0335678061735682	0	0.00163795941152396	0.0138805572085431	0.00171614817140418	9.30055799343415e-05	0.0133717796442522	0.00159801406556723	0	0.000392245276838267	0	0	0.00438948294103466	0	0	0.0134119252175069	0	0.0484554065775468	0	0	0.00055553063838069	0.00175699454020204	0.000834146923587657	9.35061481794133e-05	0	0	0.00010582012700818	0.0100287846763646	0.0173167579836631	0	4.48509147584338e-05	0.0003987526640242	0	0.00428966963296735	0.000778884189331729	0.00166068520985022	7.16813726942825e-05	5.77655754812864e-05	0	0	0.000279917762644154	0.000602784280715468	0.000224955369335269	0	0.000123540242883722	0	4.65528467916779e-05	0	0	0	0.00224715096577635	0	0.000275813103034565	0	0	0.000113829218929329	0	0.00666826981989955	8.16927375957187e-05	0	0	0	0	0	0	5.00568245071806e-06	0	0	0	0	0	0.00251145099917426	0	0	0	0	0
ERR688615	0.353642668299168	0.0015054621768883	0.00936367464811697	0.000299692005445672	0.000104231999223762	0.0198991090264711	0.000680608946946713	0.000556870959384531	2.44074931003818e-05	0	0.000152146709039675	0.00857073121448285	0	0	0	0.0388251193116287	0	0	0	0	0	0	0	0.154762712152631	0	3.18097655980386e-05	0	6.28192855206548e-05	0	0	0	0	0	0	0	0.39391993341956	0	0.000102531477163489	0	0	0	0	0	0.00173943400623992	0	1.55047599613081e-05	0	0	0	0	0	0	0	3.15096734697552e-05	0	0	0	0.00778719066753493	0	0	0	0	0.000773737537423989	0	0	0	0	0	4.60141263367854e-06	4.93151397479026e-05	0	0	0	0	0	0	5.3016275996731e-05	3.91120073862676e-05	0	0	8.00245675422355e-07	0	0	0	0
ERR688616	0.636394468943112	0.0586785067172395	0.00707323055515366	0.0186616259482908	0.00421047337090761	0.0378397545314965	0.0501562633383925	8.97742698125601e-05	0.0270115347913369	0	4.27830504575482e-05	0.0116922970871055	0	0.000215718753243797	0.00107769201574096	0.00444482830069731	0	0.000296475518276078	0	0.00147376086459034	0.00546641139780542	0	0	0.0515175057822245	0	0.00172595041494549	0	0.000103200332485421	0.000593852787030183	0	0	0	0	0	0	0.0689867170150697	0	0	0.00225147055464067	0.000144981437967382	0	0	0	0	0	0.000133859848738371	0	0	0	0	0	0	0	0	0	0	5.64095021255261e-05	8.33618219688058e-05	0	0	0.00125513647091734	0.00106456653656077	0	5.39046396865596e-05	0	0	0.000158507695137801	2.00388995117322e-06	0	0	0	0	0.00111536514682301	0	0	0	0	0.000597159205449619	0	0	0	0	0	0	0
ERR688617	0.51785096700364	0.0073538162974123	0.0208855863880388	0.0055661692445896	0	0.0917691825010216	0.0440808919792715	0.00344987677297002	0	0	0	0.00238923019161248	0.000105514582115248	2.92040359977749e-05	0.000547175619670638	0.00236422673613493	0	0	0	0	0.000437160415569432	0	0	0.0652581186720005	0	0.121251356937529	0	0	0	0	0	0	0	0	0	0.100114535828852	0	0	0	0	0	0	0	0	2.75038010253017e-05	0	0	0	0	0.00805061259466058	1.47020318207976e-05	0	0.00245163881648444	0	0	0	0	0.00017582429891811	0	0	0	0	0	0	0	0	9.43130340613073e-05	0	0	0	0	0	0	0	0	0	0	0.000747803346422476	0	0	0	0	0	0	0.00292750458113311
ERR688619	0.515033673078329	0.234217820068627	0.00924522345116931	0.00276111256065112	9.06790893312362e-05	0.0262771219690363	0.0308591959969377	0.000322785208734266	0.0259202689196057	0	1.92073879296933e-06	0.00643063347886131	2.27455909693736e-05	0.00422249150755452	0.00244813322891254	0.0143346757949609	0.0370735947243169	0.0077671644042217	5.45894183264967e-06	0	0	0	0	0.00550160245215667	0.00457388561515249	0.00653132062821907	0	0	0.0010541823227939	0	0.000161746424671101	7.64251856570954e-05	0.000505963034674289	0	0.000648097705354019	0	0.0231387358728398	0.00167114384139873	0.000276384203156744	5.43872352956578e-05	0.000401131133184331	0	0.00113232606421313	0.000851594925893348	0	0	0	0.000222906791499861	0	0.00153092990951197	1.52648188283352e-05	0	0.000376666986452827	0.00379467221429946	0	0	0.00228992500728112	7.62230026262565e-05	0.000145875056750249	0	0.00673522221482008	0.00263788200335482	0	0.000258895370989181	0	0.00332975233488546	0.000339060942716796	3.92235079827421e-05	0.000197431729614163	0	0	0	0.000664777805398226	0	0	0	0	0.00016912610529672	0.00030954222021432	4.69064631546194e-05	1.29397139736881e-05	0	0	0.000555902243291491	0
ERR688620	0.83266772262637	0.00719830358631618	0.00248121420066091	0.000110686890346255	0	0.00614231003337057	0.0113261122153849	0.0001127178424627	0.000140541886457997	0	0	0.000452800774361423	0.000248283896235407	1.54352360849823e-05	0.00131615851906221	0.00124456745695752	0	0.000275092464172481	0	0	0.000361204833909751	0	0	0.0271622582481535	0	0.0153418122876259	0.00111052461727215	0	0.000355111977560416	0.00126061197867744	0.000121044746140125	0	3.04642817466757e-05	0	0.00017943461948792	0.0743536647210822	0.00156484860572091	8.15427274752686e-05	0	0	0	0.00174083060661087	0.000204415330520194	0.000742211450954842	0	0	0.000330232814133964	0.000317437815800361	0	0.0018025715509508	0	0	0.000119318436841146	0.000153032241974134	0	0	0.00151336396956903	0.000346683526277169	0	0	0.000161460693257381	0	0.000100329034552385	1.39120219976486e-05	0	0	1.21857126986703e-06	0	8.90572503061153e-05	1.23888079103148e-05	0	0	6.6005943784464e-06	1.21857126986703e-06	0	0	0	0	0	0.00663562830245508	0	0	0	0	0
ERR688621	0.793419855806564	0.01825195189518	0.0116018178916436	0	0.0668214337131077	0.00897003672711779	0.00024605636073225	2.87533287989234e-05	0	0	0.000448030963027127	0.0381174965207971	0	8.15512531091415e-05	0.00614129025102858	0.000115013315195693	0	0	0	0	3.28609471987696e-05	0	0	0.0112159021336874	3.05566734622705e-05	0.0101823852699602	0	0	0	0	0	0	0	0	0	0.0271260106118819	0.00103221444813696	0	0	0	0	0	0.000177328891895799	0	0	0	0	0	0	0.00203958281424558	0	0	0.00139709118502086	0	0	0	0	0.00197426166310656	0	0	0.000113310156346977	0	7.46384318996443e-05	0	0	0	0	0	0	0	0	0	0	0	0	7.94473510019032e-05	0	0	0	0	0	0	0	0	0
ERR688622	0.564598924876393	0.062966284978302	0.0127261256648976	8.14304344233052e-05	0	0.0345564359269464	0	0.00152621596399324	0	4.23277010616191e-06	0.00242396634746205	0.0820584968828672	5.61345940269567e-05	8.49577428451068e-05	0.000257090393829024	0.000153387526228058	0.000263036428025776	0	0	0	0.00125431087479264	0	4.62581304459123e-05	0.0880450447363488	0.000125672960056759	0.0214781841013124	0	0	0	0	0	0	0	0	0	0.0561451759522221	0.000613852445634099	0.000414206788960129	1.66287397027789e-05	0	0	1.97529271620889e-05	0.000484148275952424	0.0208258336037603	0	7.17555313235066e-05	0	0.000541492232866855	0	0.00387399244954437	0	0	0.00432135593766944	0.0189454758742182	0	0	0	0.000483342034027441	0	0	0.000507428511536314	0	2.74122254494295e-05	0	0	0	0	0	0.000549050750913573	2.15669714933011e-05	0	0	0	0	0	0	0.0112051502734168	0	0	0.000246710029044865	0	0	0	0	0
ERR688623	0.608091053101274	0.0652336130611246	0.0102187805572533	0.0146690817929502	0	0.0304112085542757	0.0212633726816493	0.0063947639326073	8.00108094603581e-06	7.60102689873402e-06	4.5806188416055e-05	0.00646797382326352	0	7.47100933336094e-05	1.27017160018318e-05	0.00511869153522641	0	3.33044994378741e-05	0	0.000213228807211854	0.000190425726515652	0	3.80051344936701e-06	0.0598162811795874	0	0.00111024999477429	0	0	1.79024186167551e-05	0	0	0	0	0	0	0.0987039349016052	0	0	0	0	0	0	0	1.41019051673881e-05	0.00023023110422218	0	0.000212328685605425	0	0	0	0	0	0	1.10014863007992e-05	0	0	0	0.00179054190221099	0	0	0.000362849020902724	0	8.88119985009975e-05	1.89025537350096e-05	0	0.00957289329788454	0.000266736036038469	0	0.000328944440393897	0	0	0	0.00146499792121916	2.02027293887404e-05	0	0	0	0	0	0.0444957113706062	0	0	0	0	5.38072693620908e-05
ERR688624	0.441778035821033	0.0565506762695752	0.109204372535593	0.000528211045884789	0.0185503329634545	0.0110967802316964	0	0.00080163428621833	0.00084522049757025	0.0019424334854744	1.03530193234964e-06	0.0185388411120054	0.00246733156517567	0.000375400480669981	0.00243585838643224	5.72521968589353e-05	0.0310982959137254	0	7.97182487909226e-06	0	0.0133435924852816	0	0	0.0134936077352791	3.92379432360515e-05	0.0172550667158918	0	5.07297946851326e-06	0	0.00207940393112426	0.000529349878010373	0	0	0	5.62168949265857e-05	0.00326192579825403	0.06150273247239	0.00243047481638403	0.000414845484292503	0.000157469423910381	0	0	0.000634122433564157	0.000155812940818622	0	0.000115436165456985	0.000556164198058229	0.00018935672342675	0	0.00223552746252259	0	0.00081519674153211	0	0.00141991660021754	0.00114618276930429	0.000876590146120444	0.000122579748790198	0.00064168013767031	0.0227121432013068	0	0	0	1.08706702896713e-05	0	0	0	3.65461582119425e-05	0	0.00301821572337892	4.86591908204333e-06	0	0	0	0	0	0.00161683102775044	0.0010618056618178	0	0	0	0	0	0.000974322648534251	0	0
ERR688625	0.687728408832411	0.119771545358012	0.0183936843727181	0.0110322623948316	0	0.0124473480911377	0.0625898538416317	5.33517071078343e-05	0.0139700483313823	0	5.77048824505988e-06	0.00649989820656262	0	0.00247604564031008	0	0.00369949038489865	0	0.00111329928475304	0.000215330324513024	0	0	0	0	0.000182023471309082	0.00410008375306886	0.00226881424666732	0	0	0.000673021155318563	0	0	0	9.44537812744012e-05	0	0	0.0102097147283209	0	0	0.00022596017128024	0.000268682031620858	0	0.000252686643152096	0	0	0.000600232014122106	2.20695866214571e-05	0.00105660676866123	0	0	0.0037234834676018	0.000149526511192166	0	0	0	0	0	0	7.07644084788922e-05	0	0	0.00052794905610504	0	2.47017391542914e-05	2.11584568985529e-05	0	0.0168584307896245	0.00102238878573438	4.68725624116267e-05	2.95610976764471e-05	0	0	0	0	0	7.89645759850299e-06	0	0	0.00204417015165349	0	0.00244456104655195	0.000376499048831188	0	0	1.85263043657186e-05	0
ERR688626	0.302142175967025	0.120366340030556	0.0782213255661478	0.0345137223355173	0.0254753118455308	0.0110194956653274	0.00399957220367068	0.0459455481585248	0	0.0813190076823406	0.00962693370107105	0.00289176975257562	0.000539193199574872	0.00181328226733672	0.00372219197501799	0.00458708455386362	0.000860040446565994	0.00026555315622107	0	0	0	0	0.0105226575371102	0.0273698673285514	0.00179255961905909	0.0385223922872123	0	0	0	0.000340559034377155	0	2.0419390010147e-05	0	7.07602624114006e-07	0.000225624151003209	0.0335477436675125	0.00804857550494018	0.00294150410844192	2.50693501114676e-05	0	0	0.000604090468815043	0.000116552260800493	0.0140142721427562	3.82105417021563e-05	0.00122172647357741	0	0.000190345105886668	0.000290319248065061	0.00953241820770725	0	0.00180357800277744	7.67243416717901e-05	0	0	0.000284860599250467	0	0.0001558747494834	0.0203784501440376	7.71286860284266e-05	0.000215212283819817	0.000117360949513766	2.84051910537194e-05	0	0.00160514600975804	0.0254032374639603	0.000100075228267552	0	0.00254443795022481	0	0	0	2.53726083789451e-05	0	0	0	0	0	0	0	0	0	0.0351890784971895	0.000148192206707305	0
ERR688627	0.466607257891127	0.186272429950554	0.0360802698068623	0.00158675104712814	0.00572648758931087	0.0058022026553539	0.00435443263241795	0.000689700985693832	5.34699388228389e-05	0.00872243683327757	0.00479749842319803	0.0248149496234604	0.00206828662213764	0.0094074438930442	0.00434402436188373	0.00605761345091414	0.00422239045524857	0.000420718621691917	0	0.00308472566911149	0.00969958976107815	5.81638647500347e-06	0.00671711004368514	0.0129647254527827	0.00171195641914269	0.0126064564542961	0	0.000219287974294429	0	0.00101480637708613	0.00029877858945281	0	0.000100715323698744	9.89806119430414e-06	0.000456739401089746	0.0214999154583124	0.00506944000137144	0.00121389006152002	0.000356432244862932	0.000998785803812876	0.000356126119258984	0.00278155927933543	0	0.00410922602365596	0.00119388985539545	0	5.86740740899473e-05	0.000338983085437921	0.00037337119494803	0.00242471886700057	0.000156022016145268	0	5.06127665193284e-05	0.00366667044221578	0.000319289004917296	0	1.02041867982517e-06	3.70411980776537e-05	8.16334943860136e-07	0	6.47965861688983e-05	0.000404289880946732	3.22452302824754e-05	0.000205002112776877	0	0.00516127768255571	0.000263165977526911	1.87757037087831e-05	0.000322146177220806	0	0	3.04084766587901e-05	0.00058459786167184	6.83680515482864e-05	0	0	0.00154736288608689	6.39802512250381e-05	0	0.000353779156295386	0	0.000467147671623963	0	0.00016581803547159	0
ERR688628	0.626107475479631	0.120123220243798	0.00507891719596394	0.0255238048812717	0.000224295006651299	0.00164066711196662	0.0502808572319478	4.85452147309951e-05	0	0.00280212648183764	0	0.0325774648681705	0	0.000706927099993474	0.00238717568372208	0.00349505402820537	0.000840879663462817	0.000242927506081245	0	0	0	0.000128010306894387	0	0.00819910547888142	9.5881834904372e-05	0.0334556095304932	0	0	0.000205158926155678	0	2.57833505625202e-05	0	0.000107665631841149	0	0	0.0456685582514376	0.0109753478939434	0.00289387895200349	0.000591506319740942	0	0.000236884533293154	0	0	0.00609876957016737	2.24597155290703e-05	0	0	0	0	0	0	1.84310670036765e-05	0	0.00773681806059249	0	0	0.000178771278314349	0.000422101649248133	0.00178046121579778	0	0.00070894142425617	0.00134345356700569	4.12936473852863e-05	6.91920384236382e-05	0	0.00218191604135327	0	3.52506745971956e-05	0.000368621340073531	0	0.000292177734304184	0	0.000371340677828172	6.64727006689974e-05	0	0	0	0	0	3.13227422849366e-05	0	0	0	0.000169001805640269	0
ERR688629	0.535467292748738	0.223631221994441	0.0214758574866505	0.00705203260596534	0.0141296905512385	0.0166356056493238	0.000260608687901599	0.000305073209467398	0.000812515699318548	0	0.00173209062254382	0.0650893747012065	0	0	0.00517783782907797	0.00743924870151443	0	0.00470432612447635	0.000760859876998371	0	0.0130565661640184	0	0	0.00050896177874292	0	0.0075426616320809	0	0	0.000694416309464967	0	0	0	0	0	0	0.00115658399034137	0	0.000562744605511575	0.000439175775647622	0	0	0	0.00402824256763874	0	0.000192240687771953	0.000270939852365634	0	0	0	0	0	0	0	0	0	0	0	0.00232197985625501	0.0265697292829767	0	0.00234638976444945	0	0	2.46124800466726e-05	0	0.0267201388832619	0.000462674110506997	0	0	4.96301037978171e-06	0	0	0.00280369572087219	0	0.00023781935452505	0	0	0.000454976380122029	0	0	0.000796512522991905	0.000179478661081085	0	0.00064833121308128	0
ERR688630	0.499959273199421	0.179533640741515	0.0558587776462213	0.0013979499563627	0.000993006308914905	0.0111774350483325	0.0541297582141813	0.00451228696245171	0	0	0.000356536358421716	0.000782500290039498	0.00141078445679341	0.0034896703493935	0.00132771391069856	0.0050874140644296	0	0.0034695595967501	0	0	0.0344374911320676	0.00116612047614178	0.00413402290645044	0.0119769132602016	0	0.0222089408161772	0	0.000285188663113969	0.000755315403300427	0.0064896085012497	0.000421012037750813	1.58662721860004e-05	0	0.000149062111301596	0.00194801441183022	0.000158561662801495	0	0.0027515349860397	0.000133094780057086	0	0	0.000261136607188695	0.00056320213307376	0.00070448269687012	0	0.000536724659744256	0.000181299950966145	0.00063828901354636	0.00133387851326764	0.000102170708153162	0	0.000309038600922225	4.25458636325234e-05	0.00192588247801662	3.94130328187271e-06	0.000690132310561763	0.000348350574682442	0.000151083292471787	0	4.18384502229565e-05	0	0.00506184612262668	0	0	0.0016009776049084	0.00476816849859791	0.000114297795174309	2.52647646273892e-06	0.0137484785558741	3.63812610634404e-06	0.00144150641058032	0	0.00052207109626037	2.42541740422936e-06	0	0	0.00102342508552628	0	0	0	0	0	0	0	0
ERR688631	0.468337800062414	0.388111099076586	0.00403382107992026	0.00316743572642438	0.0940981102289737	0	0	0	0	0	0	0.0240564357169798	0	0	0	0	0	0.000166585517348505	0	0	0	0	1.5071066105112e-06	0.0155188777159819	0	3.18501863688035e-05	0	0	0	0	0	0	0	0	0	5.11411509833469e-05	0	0	0	0	0	0	0	0	0.00155020985957182	0	1.3764907042669e-05	0	0	0	0	0	0	0	0	0	0	0.000220740881552874	0	0	0	0	0.000234405314821509	0	0	0	0	0	0	0.000293383420179514	0	0	0	0	0	0	0	0	0	0	0	0	0	0	0
ERR688632	0.22801272630121	0.080844091156431	0.109216775140226	0.001086763070419	0.321526689995288	0.00600300891583244	0.00636907970457955	0.0152832765349442	0	0.0151945444923214	3.8845825111393e-06	0.0164428244145193	0.00867028593900735	0.000972270112195943	0.0033026107154573	0.00684719003101635	0.0034820170919586	0.000414832521847454	4.60016350003338e-06	0.000101816952134072	0.00380934428144986	0	0.0102850455533746	0.00477128958223462	0.00420608282686385	0.0172929346293255	0	0	0	0.00514328947060398	0	0.000105701534645211	0	0	6.26644494560102e-05	0.0255721044449744	0.00346208305012512	0.00139875638157682	0.000341638809269145	0.000256791349157419	0	0.00484325658454625	0.000188504477645812	0.000831607334950478	0.000628280108249003	0.00014659187686773	0	5.07040243559234e-05	0.00258467853188542	0.00290556549247664	7.43181969894281e-05	0.00057839389073753	6.45045148560236e-05	0.00159625673451158	0	8.4949685967283e-05	0	1.01203597000734e-05	0.0237620934464946	4.73305711225656e-05	0.00179692608896859	0.00208980316513738	3.28144996335714e-05	0	0	0.0129126589445937	0	8.58697186672897e-06	0.00166536141286764	0	0	0	0.000161005722501168	0	0	0.00116701036703069	0.00221472316062718	0	0.000550384006315104	0	0	0	0	0.000249737765124034	0
ERR688633	0.614498762649465	0.184487282727764	0.0410315739897774	0.0180777228545057	0.00240374001551682	0.000538147611608598	0.00239596058139706	0.0191525462928894	0	0.00145433367044215	0.00068091074045495	0.000714761791624703	0.00124060948712504	0.00145843364247823	0.00346962761741163	0.00524838471614527	0.000343556631126567	0.00317075016872962	0	0.00559173109229563	0	0.000220872852508237	0.00217729540613902	0.0112165773433443	0.000611526598305765	0.00696921656893314	0	0	0	0	0.0002789032259421	5.6979098552815e-05	0.000442376469945102	0.000762910181176713	0.00105053898863151	0.00254177240739845	0.00715508196790248	0.000203631944459045	0.000273541724048754	0	5.59278236717667e-05	0.00310031475169939	0.000965595978242815	0.00506062702239005	0.00258371827515228	5.17227241475738e-05	0	0	0.00187946923233806	0.00191636898066285	9.60865241278098e-05	9.57711416634953e-05	0.000266287927369521	0.00655827321793138	9.28275719965602e-05	0	0.000364056491307008	9.78736914255918e-05	0	6.72815923870878e-05	2.31280473830614e-06	0.00304354590812278	3.0592099038504e-05	7.495589901874e-05	0.000319482436350562	0.00218076461324648	0.000137086244488691	2.33383023592711e-05	8.43122454600694e-05	0	0	0.000873819681127303	0.000642223824832374	6.20252179818466e-06	0	0	0.00106578247440671	0	0.00117154072744017	0	0	0	4.83586445282194e-06	0	0
ERR688645	0.627865402231372	0.113966005784162	0.000896146437751627	0.196037743795323	0.0315830434980793	0	0	0	0	0	5.10889127575745e-05	0.000175293095868804	0	0	0	0	0	0	0	0	0	0	0	0	0	4.85395658135838e-05	0	0	0	0	0	0	0	0	0	0	0	0	0	0	0	0	0	0	0	0	0	0	0	0	0	0	0	0	0	0	0	0.000109010075325044	0	0	0	0	0.00105991648543359	0	0	0	0	0	0	0.000207924736751885	0.027902500328101	0	0	0	0	0	0	0	0	0	0	0	0	0	0
ERR688646	0.727488925452729	0.0875114937825498	0.0217376005385514	3.36795727459669e-05	0	0.00231132351471576	0.0131248792310843	0	0	0	0.00010666873636857	0.00547056797432551	0	0.00213498330398016	0.0236304930629128	0.00267636986886682	0	0.00209336138422843	0.000150602984995398	0	0.00756805133611389	4.7955690148735e-05	0	0.00224808634678378	0.000419436350734848	0.00194999699397246	0	0	0.000747384906846323	0	0	0	0	0	0	0.0514217705964662	0	0	0.000506902703836314	0	0	0	0.00144621090731563	0.00615863661872371	0	0	0.0020213775809863	9.61124523735654e-05	0	0.00146802722757197	3.36795727459669e-05	0	0	0	0	0	0	1.02546758808616e-05	0.0288468053970158	0	0.000500066253249073	0	0	8.28416953512739e-05	0	0	0	1.48793336310541e-05	0	0	0	0	0	0	0	0	0	0	0	0	0	0	0	0	0
ERR688648	0.0366670588456334	0.879971734981999	0.0114709835959007	1.19562673899639e-05	0	0	0	0	0	0	0	6.84220007778607e-05	0	0	0.000106903096663207	0	0	1.22576858955932e-05	0	0	0	0	5.37529668372327e-05	0.00435941584691718	0	0	0	0	0	0	0	0	0	0.000103989384442123	0	0.0269796690203768	0	0	0	0	0	0	0	0.0371947421761552	0	0	0	0	0	0	0	0	0	0	0	0	0	0.00276591668049005	0	0	0	0	0	0	0	0	0	0	0	0	1.21572130603835e-05	0	0	0	0	0	0	0	0	6.83215279426509e-06	0	0	0	0	0
ERR710424	0.362690006104593	0.176734535580732	0.0222727690913407	0.146196523177377	0.000760405637777521	0.000841325809926038	0.0210623212398678	0.00363388501711167	0.0236523766996667	0.00448568165333331	0.000111112748942624	0.00658289666768495	0	0.00390053528287242	0.00590320788504049	0.00503921222789194	0	0.000646548109126342	0	0	0	0	0	0.00723035970338081	0.00465606131227918	0.143574750263168	0	0	0	0	0	0	0	0	0	0.00620798009119785	0	0	0.00101780497933537	0	0.000902930865606944	0	0	0.000451668749818921	0.00231161280714212	0	0.000653867521682489	0	0	0	0.000340962634907193	0.000160417125188894	0	0	0	0	0.000449127287125814	5.25574484934463e-05	0	0	0.000388437158014426	0.000159502198619376	3.36489660567326e-05	0.000207281697249782	0	0.00943716258905921	0.000355194825988591	7.33974425769212e-05	0.000516933511777901	5.80470079105568e-05	0	0	3.80202818888761e-05	0	0	0	0.00314592418003518	0	0	0	0	0	0	0	0
ERR710425	0.383380854198892	0.401235885033557	0.00248111909472399	0.0588079022655877	0.000227278085012884	0.00247819752359572	0	0	0	0	7.052068240648e-06	0.00728025302014897	0	0.00545517775946927	0.00549174777048863	0.00520200850963	0	0.0110492812632793	0.0833052761761188	0.00157643948328086	0	0	0.00093167895842161	0.00172020093155807	0.00030515306715604	0.0192087257053731	0.000670651689685625	0	0	0	0	0	0	0	0	0.00080282759728177	0.000502610977894184	0	0.00058179562985346	0	0	0	8.4221843559739e-05	0.00439948314384426	0.000252967762175245	0	0	0	0	0	2.75030661385272e-05	0	0	0	0	0	0.000962808802512471	1.95443034097959e-05	0	0	0	3.29432330670271e-05	0	9.5605896576785e-05	0	0	0	0.000186980552209181	8.62367201999241e-05	0	0	0	0	0.000187887246697265	0	0	0	7.69682876550725e-05	0	0	0	0	0	0.000768675438230632	0
ERR710426	0.738268891792706	0.0508748159211265	0.00939117359439968	1.5566923761945e-05	0.000114994372305981	0.00229878269669135	0.0216029733426976	0	0	0	0	0.0464107243450317	0	0.00144230059448575	0	0.0242815889791804	0	0.000661845339298177	0	0	0.00818468678696584	0	0	0.0385066439128457	0	0.00137481044759526	0	0	0	0	0	0	0	0	0	0.0504735910151332	0	0	0	0	0	0	0	0	0.000685547236122816	0	0	0	0	0	0	0	0	0.00303002638643794	0	0	0	1.27548343081743e-05	0	0	0.0016424611045345	0	0	0	0	0	0.00021201145846107	0	0	8.03454129648773e-07	0	0	0	0	5.57396302443836e-05	0	0	0	0	0	0	0	0	0	7.34156210966566e-05
ERR710427	0.571215563048752	0.184095232590473	0.0303164718859523	0.00872719770962053	0.00716477473626331	0.00541731067477541	0.000781059647711326	0.0465907748514585	0.00144024321768232	0.000261264249707482	0.00427841719416367	0.00859540148601761	0.000833292252457185	0.00602324938021864	0.00269605270310309	0.00447601030358987	0	0.00224387625852993	0	0	0	0	0.0011568104787513	0.00395398793406585	6.03306830010304e-05	0.0156570269505057	0	0.00015831742988861	0.000894533969261922	0.000172489066835161	0	0.000505218857144535	0.000767900270546672	0	0.00207665094256063	0.00480954990172476	0.00264888139726672	0.000277561632196016	0.000200326210837314	2.98616635659462e-05	8.53334996138735e-05	0.00213505833197606	0.00102096521602079	0.000929760609671919	0	0.000122584659587664	0.0077388272585768	0.000226442513210243	3.34045728025839e-06	0.00359402835562346	0	0.000240614150156794	0.00013513668088318	0	0.000714452954062538	0.000903441855342611	0	0	0	0	0	0	0	0	0	0	0.000148599735982404	0	6.45821740849956e-05	0	0.00355434777217312	0	0	0	0	0	0.0020828257272302	0	0	0.000369069916479458	0	0	0	0	0
ERR710428	0.347645821778795	0.150755391081761	0.0370797907771427	0.085968469796187	0.000225476407889128	0.00424765871473836	0.030071474717969	0.00133681744010388	0	0	2.90743256059791e-05	0.00926358141954091	0	0.00209114580513625	0.00549885727874739	0.0186648147323819	0	0.00127515981856017	0	0.000908221778153672	0.0035032557229301	0	0	0.00642041314416173	0.00117319916634885	0.112647070972233	0	0	0.00163949119529164	0	0	0	0.000533864771902893	1.47376753933756e-05	0	0.0194036033716593	0	0	0.000363228557484353	0	0	0	0	0.00428976635871943	8.70224642275513e-05	0	0	0	0	0	0.000140158300679858	0	7.3187095490913e-05	0.00125711368542542	0	0	0.000481129960631358	2.02517716289924e-05	0.0386184241394701	0	0.00548221473374535	0.00179208127657544	0.000123415499382622	0.00018587517128788	0	0.0628477640239508	0.000537373742234649	7.66960658226691e-05	8.6019901275621e-05	7.71973472986342e-05	0	0	0.00428695918245402	0.000760744767924723	0	0	0	0	0	0	0.000648557973603721	0	0	0.0014803844548203	0
ERR710429	0.495945388932263	0.0833992991762031	0.060051816462942	0.00163115843530295	0.00443028947655877	0.00808005299529854	0	0.0673259965234408	0	0.000684770711447399	0.000279822579207794	0.0331024478541269	0.000106215903538257	0	0.0336375507014977	0.000417621620729965	0	0.0002102189757528	4.04344632787683e-05	0.000415609955890225	0.000704686193360822	0	0	0.0252502159019289	0.00040675863059537	0.0591341955462947	0	7.57391812162003e-05	1.11647398605554e-05	0.00034037369088396	0	0	4.28484610864559e-05	0	8.10700930415105e-05	0.0145032988285874	0.000588814298591814	0.00137658224983389	2.90685569342389e-05	0	0	0.00016817518060224	0.000352946596132333	0.00447203152198337	0	0.00011144623212158	0.00175628398833476	0.000202172316393841	5.60248657867511e-05	0.00125407186109374	7.94607611697187e-06	0	0.000251156355241503	0	0.0011956329974993	0.000574430894987676	0	0.00046751090875551	0.0352152994353056	0	0	0	0.000128243633533407	0	0	0.0016508727507324	0	6.53791072915407e-06	0.000649968909719902	0	0	0	5.43149506729723e-06	0	0	0.0128078677016548	0.00216907761344935	0	0	0.000464593994737887	0	9.45482474677666e-05	9.1530750208157e-06	0	0
ERR710430	0.628923215617066	0.00611010737603399	0.00805007647137498	0.204223036525298	0.00136116946734929	0.00908013173743624	0	0	0	0	0.000555091451041464	0.0296803367481444	0	0.000536485033688119	0	0.00130204907672656	0	0.000112838918142867	0.000172859619282691	0	0	0	0	0.00127744058925924	0	0.0213698704683245	0	0	0	0	0	0	0	0	0	0.0391615068036966	0	0	0	0	0	0	0	0.0147699941709896	0.000854294646223483	0	0.0011876096065533	0	0	0	0	0	0	0	0	0	0	0.000512576787734089	0.0221074248508311	0	0	0	0.00213023471795422	0	0	0	0.00072274927622537	0	0	0.000190865829624638	0	0	0	0	5.00172509498526e-07	0	0	0	0	0	0	0	0	0	0
ERR710431	0.646429710202729	0.0973078575595399	0.0070533782051509	0.0259230965802768	0.0379003230012773	0.00922851866561672	0	0.0165150517678848	5.31080828627714e-05	0	0	0.00528946091963622	0.000292094455745243	0.0119966993847168	0.00273017199312969	0.0106006857398966	0	0	0	0	0	0	0	0.0212608317059003	0.000330727982690514	0.0711165130940582	0	0	8.42439981097688e-05	0	0	0	0	0	0	0.00792570449954587	0.00424458542268515	2.41589710277705e-05	1.86398957498747e-05	0	0	0	0.00041049424048048	0.0026112515409154	0.000395811417571361	0	0.000688843074778888	0.000161927585983548	0	0	1.4058021934263e-05	0	0.000330103181715658	0	0	0	9.36160127326108e-05	3.74880584913681e-06	0.0127364637389465	0	3.60301895500371e-05	0	1.62448253462595e-05	0	0	0.000296051528585998	0.000567631685656798	0	0	0	0	0	9.6323483623654e-05	6.54999688640847e-05	0	0	0	0.000425385330381218	0	0	0	0	0	7.49761169827361e-06	0
HR001B	0.113752737959686	0.691653873834978	0.0396249701122338	0.0278706173120355	0.0326039984123939	4.50569339417288e-06	4.01507344680739e-05	0	0	0	9.60213325558175e-05	0.00735909895744262	0.000666942748857456	0.00123295796568544	0	8.81113374860474e-06	0	0.0694174158466638	0	0	0.000437452765314251	0	0	0.000135471181384798	0	0.00456066285358179	0	0.00176913547959201	0	0	0	0	0	0	0	0.00236548903194076	0	0	0	0	0	0	0	0.000823039993335579	0	0	0	0	0	0	0	0	0	0	0	0	0	4.73598438987505e-05	0	0	0	0	0.000129864096272049	0	0	0	0	0	0	1.01127785069213e-05	0.000902740703152504	0	0	0	0	0	0	0	0	0	0	0	0	0	0
HR003B	0.366933181503925	0.353660783277075	0.0775069136605799	0.0120505103908252	0.000995465452031396	0.00706881125706617	8.88608727479767e-05	0.0212488307779902	0.00952214404815161	0.00478262637764854	2.92813859856033e-05	0.00141923217698971	0.000330533978608321	0.00491479930050022	0.0102362845174672	0.00329903615437797	0.0256921794298263	0.00628258570905689	0	0.00122198950750336	0.00050073203464964	0	0.0117176379681972	0.00112713001748749	0	0.0197138964577657	0.000128716092561715	0.000505510594168124	9.96380495343446e-05	0.00206372768311033	0.000264854203098947	1.66741225751352e-05	0	0	0.00721186302818333	0.00406269063402334	0.0059180934564236	0.000567326853471064	1.27089348895848e-05	0.000218186994184391	0	0	3.14164870470536e-05	0.00169760868681118	0	0.00136514295009964	0	0	0.000332770751148888	0.000735593151409167	0.000135121395746065	0	5.80544145756232e-05	0	1.20989060148847e-05	0.000375167757940543	0.000185042091992354	9.89263491805279e-05	0	0.000172434828581886	3.10098011305868e-05	0.000565395095367847	2.58245556956363e-05	0	0.00195158404164464	0.00112072471430314	2.67395990076864e-05	0	0.000195717597299605	0	2.53161983000529e-05	0	0	0	0	0	0	0.000197039326528122	0.00047256903493432	0.000202732929358656	0	0	0.00064886737972264	0	0
HR004B	0.274701745867546	0.43264735503048	0.0515749897972176	0.000964562704420213	0.00101524976552206	0.00320907427122767	0.00195104957415829	0.0113729093347263	0	0.000162419848570394	0.00153941834183716	0.00337058899370696	5.62183872141486e-05	0.00381329622182267	0.00204286958762254	0.000629364342014565	0	0.0016021737508204	0	0.000713239359790236	0.0075060095343971	0.000351390062479848	0.000208179000954003	0.00624506831992305	0	0.0562201974663308	4.87762393539572e-05	0	0.000620313081103522	0.000262486566420265	0.00038719282786131	5.62183872141486e-05	0.000493494858783233	0	0.000275359470827082	0.00419908107576448	0.000341534245043379	0.000134159800614802	2.58463783793134e-05	0	0	0	9.8558174364697e-06	0.0708326536506853	0	0.000408211867088067	0	0	5.63189567798269e-05	0.00138755829766298	3.09754262289048e-05	0	0	0	0	0.000223767283634134	0.000574654498285591	0.000964059856591822	0.0540175228388455	4.24403567162267e-05	6.9393000318001e-06	4.30437741102963e-05	0	0	9.88598830617318e-05	0	4.18369393221571e-05	0	0	0	0	0.00026389454033976	0.000130438726684706	0	0	0	0	0	0.000171370539915759	0.000124002274481297	0	0	9.95638700214796e-06	0	0
HR005B	0.125224308259848	0.252515605249489	0.0492215139769191	0.0443453301347201	0.312483098691631	0.000110990679385058	0.0342855112627016	0	0	0	0.00169558529318453	0.00399846674733257	0	0.0161135647824272	0.00999046220762363	5.73468523783931e-05	0	0.0820605434640101	0	0	0.0214647366898756	0	0	0.000420743747641823	0	0.000768027478449894	0	0.000230087981881197	6.00490600820871e-06	0	0	0	0	0	0	0.0120121138970539	0.0109743660570686	0	2.3419133432014e-05	0	0	0	0	0.0199986388879715	0	2.15175798627479e-05	0.000817167625950401	0	0	0	0	0	0	0	0	0	0.000127904497974845	0.000581675228661817	7.08578908968627e-05	0	0	0	0.000115994767725232	0	0	0	0	0	0	0	0.000231288963082839	0	0	0	0	0	0	0	0	0	0	0	0	0	0
HR007B	0.177940410747423	0.804912484349896	0	0	0.000410813650853954	0	0.00555240638561353	0	2.96018629706684e-05	0	0	0.000951072736393203	0	0.000335353986603301	0	0.000448142101786457	0	0.00470920484479141	0	0	0.00239785124592234	0	0	0	0	0.000914246011951727	0	2.91001364796401e-06	0.00111885007499306	0	0	0	0	0	0	8.02762385645244e-06	0	0	0	0	0	0	0	0	0	0	0	0	0	0	0	0	0	0	0	0	0	0	0	0	0	0	0	0	0	0	0	0	0	0	0	0	0	0	0.00016075316772546	0	0.00010787119557108	0	0	0	0	0	0	0	0
HR008B	0.155093417130784	0.736819031546644	0.000442600619640868	0.00156040218456306	0.00105060147084206	0.000248400347760487	0.000728601020041428	0	0	0	1.9400027160038e-05	0.00256750359450503	9.5400133560187e-05	0.00361410505974708	0	0.00116510163114228	0	0.00700150980211372	0	0	0.0207239290135006	0	0	0.000261000365400512	0.00578640810097134	0.0027569038596654	0	1.87000261800367e-05	0.000692900970061358	0	0	0	0	0	0	0.000587100821941151	0	0	6.20000868001215e-06	0	0	0	2.14000299600419e-05	0.055620677868949	0	0	0	0	0	0.000332100464940651	0	0	0	0	0	0	0.000318900446460625	9.01001261401766e-05	0.000900401260561765	0	0	0	8.15001141001597e-05	0	0	0	0	0	0	0	2.53000354200496e-05	0.000609300853021194	0	0	3.0100042140059e-05	0	0	0	0	0	0.00054610076454107	0	0	0	0
HR009B	0.246534327692475	0.687457833578523	0.000375434915447137	0.000209119448108674	0.000314929288423823	8.36077755231236e-05	0	0	0	0	6.20057665362879e-06	0.00151094051746812	0.000228621261777345	0.00193007949739326	0.000363833836546799	0.00223730806965048	0	0.0125669687280917	0	0	0.00953408667006032	0	0	0.000142213225830002	0	0.0033076076075075	0	0	0.000977290888052589	0	0	0	0	3.23030041793887e-05	0	0.00158614751171859	0.0281993225369959	0	2.60024182248949e-06	0	0	0	4.92045760255704e-05	0.000172015997487766	0	8.66080545490731e-05	0	0	0	1.37012742185023e-05	0	0	0	0	0	0	0.000171015904479117	0	0.000498046318307603	0.000773771960792354	0	0	0	0	0	0	0.000124911616780361	0	0	0	0	0.000354732990168086	2.33021671015404e-05	0	5.38050038653595e-05	0	0	0	0	0	7.81072639755497e-05	0	0	0	0
HR013B	0.366802873360575	0.557435211487042	0.00138550027710006	0.00113700022740005	0.00207780041556008	0.000583900116780023	0	0	0	0	1.30000026000005e-06	0.00561500112300022	0	0.00711560142312028	0.000764700152940031	0	0	0.0176830035366007	0	0	0.0280313056062611	0	0	0.000198100039620008	0	0.00766000153200031	5.40000108000022e-06	0.00106750021350004	0	0	0	0	0	0	0	0.000233100046620009	0.000336900067380013	0	0	0	0	0	0	0.000436500087300017	0	0	0	0	0	0.000337600067520013	0	0	0	0	0	0.00025910005182001	0.000768000153600031	0	0	0	0	0	2.90000058000012e-05	0	0	0	0	0	0	0	9.70000194000039e-06	0	0	0	0	0	0	0	0	0	0	0	0	0	0
HR015B	0.167499697234475	0.591338103516784	0.0374055046275584	0.0177230431088064	0.0139344204867669	0	0.0141516109628144	0.000102589971404922	0	0	0.000513150032578571	0.00383025913726338	0.000388040311353057	0.00144746943069072	0.00123047913019718	2.08182576119257e-05	0	0.0378942332425537	0	0	0.00368142861289351	0	0	2.63230853458483e-05	0	2.54222953530246e-05	0	0.0130999886900812	0	0	0	0	0	0	0	0.0006805968834668	0	0	0	0	0	0	0	0.0922300857852336	0	0.00177795927028004	0	0	0	0	0	0	0.000377230831439172	0	0	0	9.79859336638232e-05	2.92256308782802e-05	0	0	0	0	0.000134718147815634	0	0	0	0	0	0	0	0	0	4.5439850749107e-05	0	0	0	0.000190467039593724	0	0	0	0	0	0	0	0
HR016B	0.0402568358271912	0.805421558309571	0.00588923107030369	0.0806330310595584	0.00741779183499628	0	0	0	0	0	7.0335005732353e-05	0.00429963993079356	0	0	0	0	0	0.0445271611681134	0	0	0	0	0	0	0	0.00101130332566518	7.80388399306335e-06	0	0	0	0	0	0	0	0	0.0078070855864964	0	0	0	0	0	0	0	0	0	0	0	0	0	0	0	0	0	0	0	0	0	1.45072202435152e-05	0	0	0	0	3.80189220174881e-05	0	0	0	0	0	0.0026056968553249	0	0	0	0	0	0	0	0	0	0	0	0	0	0	0	0
HR017B	0.367887360847414	0.406125788987601	0.00446458350105232	0.00244405519750504	0.138281880899437	4.12026163661393e-05	5.68036070290463e-05	0	0	0	0.000156109912979474	0.00107546829223656	0.000403825642928326	0.00348092103848594	0.00139248842301486	0	0	0.036670828597616	0	0	0.0178521336104843	0	0	0.000470429872296891	0	0.00394175030114412	0	0	0	0	0	0	0	0	0	0.00893586742758165	0	0	9.26058804734101e-05	0	0	0	0	0.00107126802551962	0	0	0	0	0	0	0	0	0	0	0	0	0	0	0	0	0.000274317419156116	0	0.000129208204721	0	0	0	0	0	0	1.33008446036323e-05	0	0.00472850025976649	0	0	0	0	0	0	0	0	0	0	0	0	0
HR018B	0.132925010891655	0.346634140924763	0.0721795364931721	0.0187949702811623	0.278609289443923	0	0	0	0	0	3.08117546844121e-05	0.0166443498194561	0	0	0	0	0	0.104828191955231	0	0	0.000251495945703286	0	0	0.00203047462606985	0	1.71065261397223e-05	0	0	0	0	0	0	0	0	0	0.0187981715024282	0	0	0	0	0	0	0	0	0	0	0	0	0	0	0	0	0	0	0	0	0	0.00706749624981931	0	0	0	0	0	0	0	0	0	0	0	3.50133575959228e-05	0	0	0	0	0	0	0	0	0	0	0	0	0	0	0
HR019B	0.386531961346804	0.360081463991854	0.0341253965874603	0.000129099987090001	0.0270776972922303	0.0114912988508701	0.00839979916002008	0.0325114967488503	0.00330859966914003	0	0.0189307981069202	0.00519829948017005	0.000260699973930003	0.0157145984285402	0.00128429987157001	0.00593769940623006	0.0151208984879102	0.00923549907645009	0	0	0.0199261980073802	0	0	0.000681699931830007	0	0.00520449947955005	0.000155399984460002	0.000244099975590002	0.000309299969070003	0.00117189988281001	0.000149499985050001	0	0	0	0.00169419983058002	0.00249829975017002	0.00333859966614003	0	1.79999982000002e-05	0	0	1.49999985000002e-05	1.11999988800001e-05	0.00197889980211002	0	0	0	0	0	0.000498299950170005	0.000199999980000002	1.73999982600002e-05	9.6999990300001e-06	0	0.000442299955770004	0.000121699987830001	3.94999960500004e-05	0	5.63999943600006e-05	0	0	8.84999911500009e-05	9.54999904500009e-05	0	0	0	2.69999973000003e-06	0	0	0	0	0	0	0	0	0.0189094981090502	0	0.000166699983330002	0	0	0	0	0	0	0
HR020B	0.244052	0.6846599	0.0003772	0.0260026	0.002399	6.3e-06	0	0	0	0	0	0.0016717	0	0	0	0.0035602	0	0.0137113	0	0	0.0229715	0	0	0	0	0	0	0	0	0	0	0	0	0	0	8.8e-06	0	0	0	0	0	0	0	0	0	0	9.55e-05	0	0	0	0	0	0	0	0	0	0	0.000209	0	0	0	0	0.0001953	0	0	0	0	0	0	7.87e-05	0	0	0	0	0	0	0	0	0	0	0	0	0	0	0
HR021B	0.444211270766186	0.411207269814141	0.0749636527308945	0.000433184581271253	0.000282751026361204	0.00041026423258569	0	0	0	0	0	0.00112700055108926	0	0.0153873608990061	0.000856860720948058	0.000868370939720284	0	0.00634323152094429	0	0	0.0122519773054518	0	0	0.000525766775743505	0	0.00674869148830332	0	0.00254616048127528	0.000510653358051278	0	0	0	0	0	0.000287555291587872	0.00107775683251591	0.00760675327555804	0	0.000134919781782266	0	0	0	0	0.000784396387112478	0	0	0	1.84163500355616e-05	0	0.000287455202728983	2.52223924400082e-05	0	1.58140397044496e-05	0	0	0	6.96618457866894e-05	0	0.0103202623288956	0	0	0	1.70151060111167e-06	0	0	0	9.48842382266977e-05	0	0	0	0	0	0	0	1.16103076311149e-05	0	0	2.69239030411199e-05	0.000236009529260077	0	0	0	0	0	0
HR022B	0.228714784042059	0.472126543634668	0.00190039205080966	0.0172608799934967	0.244422874003675	0.0115789200452979	0	0.00200421991869232	0	0	0	0.000673271406851512	0.000138738982374213	0.000757279420109285	0.000681420687179512	6.72064106062179e-05	0.000552541327918187	0.00623842500368227	0	0	0	0.000182805461184877	0.000946624427236384	0.000337541179017756	0.00134603977170747	0.0024253666773714	6.74076274044401e-05	8.03861108897726e-05	0.000333516843053312	0	0	0	0	0	2.17314142079986e-05	0.000417021814315529	0.00441167830102194	3.78287580657754e-05	0.000168720285309323	0	0	0	0.000215402582496875	0.000528596528929744	0	0	0	0	0	6.27796410453293e-05	0	0	3.2697729711109e-05	0	0	0	0.000210573379339542	0	0	8.85353912177721e-06	0	0.000101312657904882	0	0	0.000169826977699545	0	8.04867192888837e-07	0	0	0	0	0.000166506900528878	0	0	0	0	0	0	0	0	0	0	0	0	0
HR023B	0.393530504660212	0.440177741105742	0.00633926470611774	0.0507112165209834	0.0221404081907045	0	0	0.000564219368490469	0	0	0.000152759392851941	0.00666169006509731	0	0.000746890390984015	0.00616859835103888	0	0	0.0456108334920617	0	0	0	0	0	0.00033432998749914	0	0.0157521244259768	0	0.000728183117596121	0	0	0	0	0	0	0	0.00713717493361419	0	0	1.50058342683635e-05	0	0	0	0	0	0	0	0	0	0	0	0	0	0	0	0	0	2.70105016830544e-06	0	0	0	0.00151718988342668	0	0.000120146713042031	0	0	0	0	0	0	0	0	0	0.00157571263707329	0	0	0	0	0	0	0	0	0	0	0	0
HR024B	0.210126815715808	0.465541765597892	0.0584461792418319	0.000270008328764707	0	0.00261950173741439	0	0.0112141655149051	0.000307091878001137	2.8965258727914e-05	0.0681995535942478	0.00309517342572817	0.00151982416384113	0.00189096033363167	6.53472273031139e-05	0.0016508192958736	0.0011503918327993	0.00482046049750087	0	0.013106228332433	0.0215532594936392	0.00126695444837218	0.000333250814084132	0.00082736405120737	0	0.00795642582738911	0	0.00266640741590804	0.000153044809956833	0	1.98447101319272e-05	0.000240241263566816	0.000179404197657322	0	0.000286244909781738	0.000583514658525658	0.00194337843160641	0	0	0	0	0.00116702931705132	0	7.91783889102147e-06	7.81761308227437e-06	0.000137710261218525	0	7.61716146478015e-06	0.000240541940993057	0.000504937624467926	9.92235506596362e-06	0	0	0	0	0.000198246649701778	2.00451617494214e-05	0.00251677028344861	0	0.000516162915047602	0	0.000445303268263397	0	0	0.000988727603290213	0	3.83864847501421e-05	0	0	0	0	0.000348585362822439	0	0	0	0	0	0	0	0	0	0	0	0	0
HR025B	0.074259314851863	0.879117375823475	0.0205199041039808	0.00219510043902009	0.00573230114646023	0	0	0	0	0	0	0	0	0.000791900158380032	0.00165910033182007	0	0	0.00614810122962025	0	0	0	0	0	0	0	0	0	0.000453900090780018	0	0	0	0	0	0	0	0.000368000073600015	0	0	0	0	0	0	0	0	0	0	0	0	0	0	0	0	0	0	0	0	0	0	0	0	0	0	0	0	0	0	0	0	0	6.70000134000027e-06	0	0	0	0	0	0	0	0	0	0	0	0	0	0	0
HR026B	0.466478575482392	0.31725341118689	0.00617085411651883	0.0201284311576562	0.00779092466371831	0.0007711191662229	0	0.00352655964303625	0	0	0	0.00376155690840439	0	0.00887357277177024	7.80322975679634e-05	0.00582691175877696	0	0.0035308614235432	0	0	0	0	0	1.58065423278695e-05	0	0.00552798803424738	0	0.000554429478361094	0	0	0	0	0	0	0.00227714250928459	0.00243990987869879	0.00197261646595526	0.00409399450432534	0.000246301944374777	0	0	0	0	0	0	0	0	0	0	0	0.000340040742863471	0	9.20380945673414e-05	0	0	0	0.000614654405458419	1.89078259491604e-05	0.134588906348338	0	0	0	0.000727701195524828	0	0	0	0	0	3.61149479769677e-05	6.77280326327067e-05	1.63067493635616e-05	0	0	0	0.000541924302468792	0	0	0	0	0	0	0	0	0	0
HR027B	0.362795557053845	0.422286741407713	0.00601503650144146	0.0134498387493191	0.000470695055200542	0.00879146268151081	0.00146045206653293	0.00286880073335016	0	0	0.00182777065536528	0.00324888569302919	0.000572618438708135	0.00309101861938861	4.6187276640406e-05	0.00178781087669886	0	0.020441139349816	0	0	0.0014751904784047	0	0.0114286004902286	0.00020125197619269	0	0.00431005134779663	0.000109188797810578	0.00018205052410623	0.000150913034236293	0.00164312534043656	9.42428026730082e-05	6.59076868913659e-05	0	0	0.00416131793785123	0.000199695101699194	0.00345522345923397	0.000160358072830174	1.37004955427721e-05	0	0	0	9.06100955215156e-05	0.00135396185117774	0	0	0	5.00275670576982e-05	0	0.000891258751710486	0	1.68142445297658e-05	0.00010337646636819	0	0.000308157358079473	0.000204988474977083	1.52573700362689e-05	0	0.0287374121507619	0.00689477438190007	0	0	0	0	0	0.000117388336809661	0	0	0	0	0	0	0	0	0	0.033540992712997	0	0.000124653751112646	0.000452842894341778	0	0	0	0	0	0
HR028B	0.473998293666066	0.280040788030127	0.0466512839622355	4.4871320271292e-06	1.8458429475236e-05	0.0116029075799694	0.000871217475176472	0.0112565825716937	0.000718756966527423	0.00165605765883071	0.0145475879727729	0.0016893032279408	0.00112810578372962	0.0255322911357319	0.000296048733517183	0.00323746575757372	0.00217095605894378	0.00523923654304006	0.0116007659942291	0.000654203453500769	0.0123251318757905	0.000738541139556129	0.00780893547075828	0.00170867947987613	0	0.00300036162204928	7.16921321607234e-05	0	0.000353259666863081	0.000668174750948875	0.000953515555764955	0	0.00059617667796812	0	0.0041947545834524	5.18059788586735e-05	0.00119867613288356	0.000100246608697	0.000218951646869236	0.000119214939538955	0	0.000386301275426487	0	0.00264557225108604	0	0.000482570653463077	0	7.89327315681364e-05	0.000857450138275053	0.0010240859049189	0	5.71089530725534e-06	5.31317224121435e-05	0	0.000231699181037217	0.000513266715739574	0.000118093156532173	8.66832323422686e-06	0.0123959061854911	7.73010471946348e-05	0	0.000267494256980907	0	0	0.00131534156558892	0.00119347513894302	5.49673673323327e-05	0	1.37673369014191e-05	0	0	1.26455538946368e-05	0	0	0	0	0	5.09901366719227e-06	0.000904870965379941	0.000267392276707563	0	0	0.000905890768113379	0	0
HR029B	0.10907046101901	0.813754460570953	0.000452957978621263	2.26028931703258e-05	4.90062728029188e-06	8.46108301862638e-05	0.000404351757024899	0	0	0	2.50032004096524e-05	0.000845708250656084	0	0.00389669877744351	0.000662884849260705	0.0009913268898419	0	0.00142398226973053	0	0	0.0221633369071241	0	0	0.0008359069960955	0	0.0122300654483774	0	0.000403351629008513	0.000238830570313	0	0	0	0	2.40030723932663e-06	0.00156850076809832	4.31055175062408e-05	0	0	0.000142718267938296	0	0	0	0	2.00025603277219e-06	0	0	0	0	0	0.000458058631504833	2.75035204506177e-05	0	0	0	0	0	0.000174922390065928	0	0.026961851116943	0	0	0	0	0	3.86049414325034e-05	0	0.00016832154515778	0	0	0	0	0	0.000190824425526467	0	0.000162720828266018	0	0	3.45044165653204e-05	0	0	0	0	0	0	0
HR030B	0.257242573945707	0.0528429654260476	0.0406898944445904	0.0706092840221561	0.443681333001401	0.000115821969019343	0	0	0	0	0.000734859639619578	0.0435730378966147	0	0.000830874071182869	0	0	0	0.015577898457806	0	0	0.000392710492615542	0	0	0.00101779467464973	0	0	0	0.0110872169659273	0	0	0	0	0	0	0	0.0503754675100091	0	0	0	0	0	0	0	0	0	0	0.000728604627791351	0	0	0	0	0	0	0	0	0	0	0.00873585376949948	0	0	0	0	0.000812526036486735	0	0	0	0	0	0	0	1.45950275991972e-06	0	0	0	0	0	0	0	0	0	0	0	0	0	0
HR031B	0.348495937643963	0.384826800904799	0.0650586115745911	0	0.00156197682596941	0.0110279242937304	0.0173803721664354	0	0.000361268081120667	0.00114471922865948	0.00560156513314699	0.00363982115119069	0.000271604439395671	0.00650664521172531	0.00209674204343238	0.00189047545955381	0.00789522542113012	0.0100558980431915	0	0.00217243343605449	0.00813546768987759	1.51784864355094e-05	0.00153453492665223	0.00324477842475657	0	0.0131444687333734	0.000273413795394606	0	0.000732688659790913	0.000965592984764921	0.000253510879406322	1.5781605101821e-05	0	3.80969957553513e-05	0.00191791735887099	0.000485611046158581	0	0.000947097345664698	0.000114290987266054	0.00110903470756937	0	0.000931014181229721	0	0.000453444717288628	0	0.00281113610367851	0	0.000106249405048566	0.000422082546640423	0.000440477665962928	0.000635687074292459	0	0	0	0	0.00019460628966322	6.30259006295654e-05	0	0.0248358235600466	0.000219937273648308	0	0.000660917538499829	0	9.8509382164233e-06	0.000408512376648411	0.000461486299506116	4.32235044190002e-06	2.99548937601443e-05	0	0	0	0	0	0	1.1459254659921e-05	0	0	0	0.0030163974897799	0	0	0	0.000204356708101924	0	0
HR032A	0.359801778253926	0.339100529815037	0.0137584857683168	0.035024510134907	0.0093747202253502	0	0	0	0	0	5.98186335043366e-05	0.00622673962939456	0	0	0	0	0	0.0130621688656016	0	0	0.142279720132821	0	0	9.36291654850486e-05	0	0	0	0	0	0	0	0	0	0	0	0.0741194882205807	0	0	0	0	0	0	0	0	0	6.21193501775803e-05	0.000141944215623167	0	0	0	0	0	0	0	0	0	0	0.00162180519231741	0	0	0	0	0.000558273902320573	0	0	0	0	0	0	0.000127339666306054	0.00207684693782113	0	1.8105639906831e-05	0	0	0	0	0	0	0	0.00207034491244022	0	0	0	0
HR033A	0.606212058514763	0.373919418300393	0.000244901518389414	0.000125300776864817	0.00407032523601646	8.13005040631252e-05	0	0	0	0	0	0.00444922758521103	0	0	0	0.00057180354518198	0	0.00186651157237175	0	0	0	0	0	0.00532843303628482	0	0	0	0.000135100837625193	0	0	0	0	0	0	0	0	0	0	0	0	0	0	0	0	0	0	0	0	0	0	0	0	0.00041050254511578	0	0	0	0.000137200850645274	0.000419702602156133	0	0	0	0	0.000431902677796602	0	0	0	0	0	0	0	0.00159630989712136	0	0	0	0	0	0	0	0	0	0	0	0	0	0
HR034A	0.212731086854716	0.160076417097726	0.10653718101051	0.0318173487426645	0.386136277903051	0.000682382644772007	0	0	0	0	0.00960987493988619	0.00228724741397511	0	0.00388509826950486	0	0.000478064289939334	0	0.00353796036813492	0	0	0.0364267098371359	0	0	0.000639384304426623	0	0	0	0.0228133133026802	0	0	0	0	0	0	0	0.00819326767971299	0	0	0	0	0	0	0	2.96820694582789e-05	0	0.0010976266644195	0	0	0	0	0	0	0	0	0	0	0	0.00117071367791438	0	0	0	0	0.00294442062989214	0	0	0	0	0	0	0.000193645007938429	0.00851052020977904	0	0	0	0	0	0	0	0	0	0	0	0	0	0
HR035A	0.506781183317614	0.423911387937689	0.00105426736768479	0.0158837149693865	0.00532774044261428	0.000380224296332536	0	0	0	0	5.83037256080664e-05	0.00532934054486082	0	0	0.00670552848327008	0.00233104895402816	1.26008051914517e-05	0.0121066736164441	0	0	0.00100166400633	0	0	0.000911458242181675	0	0.00354912678920183	0	3.36021471772046e-05	0	0	0	0	0	0	0	0.00202092913737188	0	0	0	0	0	0	0.000222814237829797	0.0104742693058086	0	1.32008435339018e-05	0	0	0	0	0	0	0.000211613522104062	0	0	0	0.000139008882667602	8.46054062854616e-05	9.89063201138553e-05	0	0	0	0.000403325772516864	0	0	0	0.000142909131893528	0	0	3.45022046908797e-05	3.30021088347545e-06	0	0	0	0	0	0	0	0	0	0	0	0	0	0
HR036A	0.0458177636044538	0.913496756888573	0.00491552986557237	0.00023245816103189	0.0306627718255107	0.000270767746090072	0	0	0	0	0.00032478126027132	0.00180685207438901	0	0	0	0	0	0.0010637661542918	0	0	0	0	0	8.65216477162586e-05	0	0	0	0	0	0	0	0	0	0	0	0	0	0	0	0	0	0	0	0	0	0.000649962620647686	0	0	0	0	0	0	0	0	0	0	0	0.000617454487112676	0	0	0	0	0	0	0	0	0	0	0	5.46136643388176e-05	0	0	0	0	0	0	0	0	0	0	0	0	0	0	0
HR037A	0.268613062178427	0.497244491082477	0.000261238767833146	0.0134838009960678	0.0010995631751752	0.00051927706071581	0	0	0	0	0	0.0216129073554515	0	0.00220022651361462	4.92073023636708e-05	0	0	0.0258245323606023	0	0	0.0530308697810755	0	0	0.000178326463647205	0	0.00382046695729646	0	0	1.80026715964649e-05	0	0	0	0	0	0	0	0	0	1.510224117259e-05	0	0	0	0	0.10916169959622	0	0.00141931062569685	0.000650696563370004	0	0	0	0	0	0	0	0	6.54097068004892e-05	0.000319547420837252	0	0	0	0.000232134448752195	0	0	0	0	0	0.00011421694979535	0	0	0	2.9004304238749e-05	0	0	0	0	0	0	0	0	0	0	0	0	0	0
HR038A	0.381612512499655	0.37738783923133	0.020739223286752	0	0.000228685162354461	0.00091404038864073	5.41201543454783e-05	0.000200274582254432	0	0.000150355992571634	7.20268227888066e-06	0.00102608211297887	6.70249600951394e-06	0.00010894056946807	0.000447666711083207	0.00746518003304431	0	0.00156318212902485	0	0	0.00901765817590471	0	0	0.00203575811632252	0	0.0419157094101844	0.000163160761067422	0	0.0013096877277098	0.000580116035211513	0	0.000133649771174785	0.000166061841429748	0	0.00129498225139042	0.000745077466848654	0	0.000960957860707327	0.00010834034594483	0.00164371211839289	0	0.000542502027755136	8.17304364145208e-05	0.00607706309829781	0	1.09040606721943e-05	0	2.1908158598262e-05	0.00237888589710808	0.00185198968095719	1.10040979260677e-05	0	3.17118094778496e-05	0	0	0	0.000189770670597731	3.40126663169364e-06	0.110903500463573	0	0.000145054018116347	9.54355401951687e-05	0.000123045822264211	0	0.000655544124632013	0	0.00015205662588748	0	0.000316517871255255	3.12116232084828e-05	0	8.32309952226209e-05	0.000563209739306918	0.00018556910593505	0	0	0	0.00040705158601063	0	0	0.000170763592361796	0	0	0	2.10078233134019e-05
HR039A	0.372386060785055	0.233980855807794	0.0271114491082402	0.000461437715398272	0.203659125766833	0.00473819711112876	0	0	0	0	0.000688892867819836	0.0130596413519292	6.77846480726515e-05	0.00398513477646682	0.000535046822120129	0.0028970656477747	0	0.00137678151863119	0	0	0.0769283451999983	0	0	0.00224060898932889	0	0.00310975881017155	0	0	0.000289314920144161	0	0	3.18336791689341e-05	0	4.67965125953416e-05	0	0.0355137328182236	0	0	0.000236794370600463	0	0	0	0	0	0	0.000717814317664167	0	0	0	0.00340228722474286	1.98834967679778e-05	0	0	0	0	2.53062686137899e-05	0.000100522122549221	0.00424161180043356	0	0	0	0	0.00311146597908598	0	0	0	0	0	0	0.00224131194123483	0.000543080558187999	0	0	0	0	0	0	0.000163285685579454	0	0	0	0	0	0	0.000747639562816134
HR040A	0.0080756	0	0.0260645	6.3e-06	0.9353058	0	0	0	0	0	0.0015887	0.0080166	0	0	0	0	0	0.0004573	0	0	0	0	0.000204	0	0	0	0	0	0	0	0	0	0	0	0	0.0124362	0	0	0	0	0	0	0	0.0002915	0	0	0	0	0	0	0	0	0	0	0	0	0	0.0041487	0	0	0	0	4.65e-05	0	0	0	0	0	0	0	0	0	0.0011296	0	0	0	0	0	0	0	0	0	0.0004557	0	0
HR041A	0.0322620154033472	0.0297016952327433	0.139531895783652	0.0150954524022802	0.480541586716074	0	0	0	0	0	0.000339614908313981	0.0211212655368317	0	0	0	0	0	1.0006332006894e-06	0	0	0	0	0	2.37150068563387e-05	0	0	0	0	0	0	0	0	0	0	0	0.280570545040902	0	0	0	0	0	0	0	3.76238083459213e-05	0	0	0	0	0	0	0	0	0	0	0	0	0	0.000301790973327922	0	0	0	0	5.22330530759865e-05	0	0	0	0	0	0	0.000314699141616815	0	0	0	0	0	0	0	0	0	0	0	0	0	0	0
HR042A	0.495944463130731	0.0109240087481898	0.0162721743702902	0.0122163868652838	0.360317645708339	4.32096011533254e-05	0	0	0	0	0.000509592581583186	0.0386751996438967	0	0.000870006772177629	0.00233051134201903	0	0	0	0	0	0	0	0	0	0	0	0	0	0	0	0	0	0	0	0	0.0588643093205917	0	0	0	0	0	0	0	0	0	0	0	0	0	0	0	0	0	0	0	0	0	0.00165830629391451	0	0	0	0	0.00123874206925867	0	0	0	0	0	0	0	0	0	0	0	0	0	0	0	0	0	0	0	0	0	0
HR043A	0.447874429202412	0.142277053753608	0.108008954128927	0.102704935812366	0.0379830122319043	0.000435529699056513	0	0	0	0	0.0001490948266205	0.0340459644079303	0	0.00333333433801545	0.00221060206882133	0.000448891971253633	0	0.00304569384703534	0	4.50097589797734e-05	0	0	0	0.00120531713946505	0.004473045735039	0.0232083579103697	4.60144410998577e-05	0.000317379081734608	1.67781914054066e-05	0	0	2.78296947263331e-05	0	0	0.00103663101150291	0.0680828866767798	0.00707346446645301	0	0	0	0	0	3.72737066551249e-05	0.00236120391862195	0	3.81779205632007e-06	0	1.81847463735245e-05	0	0.000647015285334243	0	0	0.000188176961091776	0	0.000621395891272095	0	0.000206663112101326	8.61012576912184e-05	0	0	0	0	0.00021530337833405	0	0	0	0	0	0	6.37973146253485e-05	1.37641450451539e-05	0.000312858012194229	0.000108606137181105	0	0	0	0	0	0.000805554123883534	0	0	0	0	0	0
HR044A	0.11625222041741	0.0317802070019537	0.0179770433615282	0	0.706869801213203	0	0	0	0	0	0	0.00282925403875214	0	0.0313082979884916	0	0	0	0.00247614729441332	0	0	3.54006761529145e-05	0	0	0	0	0	0	0	0	0	0	0	0	0	0	0	0	0	0	0	0	0	0	0.0888804976175045	0	0	0	0	0	0	0	0	0	0	0	0	0	0.000899117173138007	0	0	0	0	0	0	0	0	0	0	0	0	0.000692013217452453	0	0	0	0	0	0	0	0	0	0	0	0	0	0
HR045A	0.140453023097833	0.748873653339873	0.00223629045631367	0.0054594532205323	0.0452141943983419	0.0009879724999985	0	0	0	0	3.39059199736274e-05	0.00960247659241304	0	0.00404210575166424	0	0	0	0.00642092109282281	0	0	0.0325978915918719	0	0	0.00140264490179985	0	0	0	0	0	0	0	0	0	0	0	0.00197244438879028	0	0	0	0	0	0	0	0	0	0.000192033529054173	0	0	0	0	0	0	0	0	0	0	0	0.000183332009768906	0	0	0	0	0.000141424692751354	0	0	0	0	0	0	1.2502182881131e-05	0.000173730333316197	0	0	0	0	0	0	0	0	0	0	0	0	0	0
HR046A	0.460943830175975	0.0476029996502735	0.0218065730474103	0.000171352768034039	0.152567966454745	0.000473255180597575	0	8.13009867334902e-05	0.0786973200895145	0.000210324329885011	6.41046578749672e-06	0.00440938292754576	0	4.37539728352951e-06	0.00130040877403505	0.00231814653286905	0	0.000670046304931205	0	7.22449318908361e-06	0.00110158258119745	5.03679454731885e-05	0.00226187688873436	0.00297262456374491	0.00197544099680097	0.14690762691781	0	0	0	0.00274673195980455	0	0.000655190304852244	0	0	0.00586120079827597	0.0211100708519275	0.00538346846696967	0	0.000383712166423018	0	0.00166427902254439	0	0	0.00791509368590488	0	0.00681788650199096	0	4.58907947644607e-05	0	0.000281856987799459	0.000470406084692021	2.10629590160607e-05	5.40310687803295e-05	0	0	5.18942468511639e-06	1.38384658269771e-05	0	0.000780448771271426	0	5.57608770087016e-05	5.85082194890574e-05	0	0	0.000926363183005875	0	0	0	0	0	0	0	0	0	0	0	0.00443705985919971	0	0	0	0	0	0	0.000300986631736751	0
HR047A	3.19017113305721e-05	0.000784258789902676	0.258436166034218	0	0.734047106449369	0	0	0	0	0	0.00312183907629551	0	0	0	0	5.03181566728266e-06	0	0	0	0	0	0	0	0	0	0	0	0	0	0	0	0	0	0	0	0	0	0	0	0	0	0	0	4.13615247850635e-05	0	0	0	0	0	0	0	0	0	0	0	0	0	0.00198515191705636	0	0	0	0	0.000207008896552009	0	0	0	0	0	0	0	0	0	0	0	0	0	0	0	0	0	0	0	0	0	0
HR048A	0.143535678772859	0.226392865126811	0.415626234436584	0.00285117292007702	0.00163366289034237	0.00233476277584274	0.000925351691733992	0	0	0	0.0658333794056115	0.00121660861559615	0.000296565251566658	0	0	0	0	0.00158518684111634	0	0	0.00753441999809301	0	0	0.00787134857163919	0	0.0342908955569497	0	0.0332590768397462	0.000148633175726079	0	0	0	0	0	0	0.00181114131850046	0.00297256335739508	0	0	0	0	0	0	0	0	7.69206731520409e-05	0	0	0	0	0	0	0	0	0	0	0	0.0468117382549744	0	0	0	0	0.000616867742113828	0	0	0	0	0	0	0	0.000177979213790595	0	0	0	0	0	0	0.000994960894651529	0.000458819796496744	0	0	0	0	0	0
HR049A	0.493322350355848	0.251685177271038	0.00053337984696309	0.114668765914257	0.0167272040624481	0.00344661595840897	0	0	0	0	5.6908519205325e-05	0.0194394100796889	0	0.0159612894050239	0	0.0262717328784119	0	0.0354284036320237	0	0	5.62084143996356e-05	0	0	0.00177876628131231	0	0.000379756849600385	0	0	0	0	0	0	0	0	0	0.0154739164452919	0	0	0	0	0	0	0	0	0	0	0	0	0	0	0	0	0	0	0	0	0.000487172929787589	0.000254738134298705	0	0	0	0	0.00126908998277042	0	0	0	0.00175476268797439	0	0	0.000471070519256733	0	0	1.79026800312007e-05	0	0.000188028147813728	0	0	0	0	0	0	0	0	0	0
HR050A	0.484255953902312	0.1321909402555	0.0171559206154408	0.000100424115794842	0.0379905033804086	0.000191087571036478	2.34457104010001e-05	0	0	0	6.60102404423008e-05	0.0753085274363112	0	0	0	2.01250733055795e-06	0	0.00388041600941531	0	0	0.0199076218885127	0	0	0.000815870471808194	0	0.00731546414657815	0.000163013093775194	0.00072077950043933	0	0	0	0	0	0	0	0.199085677669581	0	0	0	0	0	0	0	0.0176077285111511	0	0	0	0	0	0	0	0	0.000274304749155049	0	0	0	0	0.000148623666361705	0	0	0.000905125171918439	0	0.000131416728685434	0	0	0	0	0	0	0	0	0	0.000897578269428846	0	0	0	0	0	0	0	0	0	0	0	0
HR051A	0.367560834513977	0.145502666938357	0.0104139688930383	0.000887195524829321	0.14036225466703	0.000809269567692999	0	0	0	0	0.00252794205749935	0.00261767194652539	0	0	0.171321467180718	0	0	0.00447789158568719	0	0	0	0	0	0.00104884937172572	0	0.0372035925166673	0.000430543414011207	0.0012141044181817	0.000382227319920265	0	0	0	0	0	0	0.103493573709403	0	0	0	0	0	0	0	0.00690560025544509	0	0	0	0	0	0	0	0	0	0	0	0	0.000522674102743624	0.000563987864357618	0	0	0	0	0.000453551077864037	0	0	0	0	0	0	1.90063310088591e-05	0	0	0	0	0	0	0	0	0	0	0	0	0	0	0
HR052A	0.220600315481109	0.621864443275996	0.0288305666140865	0.0369902100703573	0.0190202058138661	0.0109908610631213	0.000189589123413205	0.000682340569368287	0	0	2.47377250306718e-05	0.00662880893362378	0.000130198552793009	0.00204702170810486	0.00333889181001027	0.000481734645334135	0	0.00416835674403465	0	0	0.018970429905606	0	0	0.000861814266756804	0	0.0020217832194096	0	0.00682550890107414	0.000537619870302211	0	0	0	0	0	0.00047802899421618	0.00186794862164801	0.00067042239415108	0	0.000169558576829665	0	0	0	2.22339067077293e-05	0.000797215754024888	0	0	0	0	0	0.00150068855003881	0	3.85588021733143e-05	4.52690352788002e-05	0	7.68171461478755e-05	0.000285635594281279	0.000151731390370315	0	0.00734039410100403	0	0	1.6324895465585e-05	0	0	0.000147424822854854	0	3.57545256516187e-05	0	0	0	1.26192443476301e-05	0.00101264428253086	6.00916397506197e-06	0	0	0	0	0	0	0	0	0	0	2.5338641428178e-05	0
HR053A	0.0289887145607487	0.423941187553176	0.00722175310116575	0.00161733428748689	0.387506815144481	6.80014416305626e-06	0	0	0	0	0.0245999215183362	0.00035490752403951	0	0.000139702961702788	0	0	0	0.0970833581671932	0	0	0.000152903241548721	0	0.00027320579196279	5.74012169057984e-05	0	0.000448909516881758	0	0.000365507748764274	0	0	0	0	0	0	0	0.0152622235591395	0	0	0	0	0	0	0	0.00952040183251885	0	0	0	0	0	0	0	0	0	0	0	0	0	0.000970120566556011	6.70014204301131e-06	0	0	0	0.000389008246974836	0	0	0	0	0	0.000311206597579869	5.22011066634613e-05	8.80018656395516e-06	0	0	0	0	0	0	0	0	0	0	0	0	0	0
HR054A	0.0494322950567705	0.786599121340088	0.00654319934568007	7.81999921800008e-05	0.142145885785411	2.23999977600002e-05	1.00999989900001e-05	0	0	0	0	0.00111809988819001	0	0	0	0	0	0.0116715988328401	0	0	0.000298699970130003	0	0	0	0	0	0	0	0	0	0	0	0	0	0	0.00096579990342001	0	0	0	0	0	0	0	0	0	0	0	0	0	0	0	0	0	0	0	0	0	0.000380699961930004	0	0	0	0	0	0	0	0	0	0	0	0	0	0	0	0	0	0	0	0	0	0	0	0	0	0	0
HR055A	0.000217039805100255	0.00327890135050768	0.0896686452295351	0.156414586435152	0.633065604231816	0	0	0	0	0	0.000457583920891091	5.60102722839369e-06	0	0	0	0	0	0	0	0	0	0	0	0.000561202924616375	0	0	0	0	0	0	0	0	0	0	0	0.0464011099635673	0	0	0	0	0	0	0	0	0	0.0243989747719732	0	0	0	0	0	0	0	0	0	0	0	0.0425056955445629	0	0	0	0	0.000183233605043165	0	0	0	0	0	0.000404274143877987	0.000101818673544728	9.62176463163344e-05	0	0.000121022195470649	0	0	0	0	0	0	0	0	0	0	0	0
HR056A	0.0544073054407305	0.302057630205763	0.0196651019665102	0.0350056035005604	0.537594053759405	6.22000062200006e-05	0	0	0	0	0.000556600055660006	0.00231120023112002	0	0	0	0	0	0.0151507015150702	0	0	0	0	0	0.000690000069000007	0	0	0	5.67000056700006e-05	0	0	0	0	0	0.000676300067630007	0	0.0204377020437702	0	0	0	0	0	0	0	3.02000030200003e-05	0	0	0	0	0	0	0	0	0	0	0	0	0	0.00299520029952003	0	0	0	0	0.000126400012640001	0	0	0	0	0	0.00307320030732003	0	0	0	0	0	0	0	0	0	0	0	0	0	0	0	0
HR057A	0.605764115046108	0.0475018565186322	0.0211936363945708	0.000391019854240769	0.0691414577124087	0	0	0	0	0	0.00137702640760142	0.00969733241791786	0	0	0.168685584808373	0	0	0.0481380769469426	0	0	0	0	0	0	0	0	0	0.000357892756274633	0	0	0	0	0	0	0	0.0138734484808573	0	0	0	0	0	0	0	0	0	0.000188954564834034	0	0	0	0	0	0	0	0	0	0	0	0.000268019239738106	0	0	0.0132906717695075	0	8.69711423944787e-05	0	0	0	0	0	0	4.26348753280183e-05	0	0	0	0	0	0	0	0	0	0	0	0	0	0	0
HR058A	0.0572278	0.8786747	0.0035303	0	0.0009127	0.0007057	0.0003873	0	0	0	0.0001668	0.0001486	0	0.0029894	0	0	0	0.0058644	0	0	0.0082227	0	0	0.0008501	0	0	0	0	0	0	0	0	0	0	0	0.0005685	0	0	0	0	0	0	0	0.0394028	0	0.0003414	0	0	0	0	0	0	0	0	0	0	0	0	0	0	0	0	0	0	0	0	0	0	0	0	0	0	0	0	0	0	0	0	0	0	0	0	0	0	0
SAMEA2466887	0.405699683906363	0.141133737746551	0.0748808909959531	0.0670079332544749	0.0149052300631555	0.0115284089436686	0.00584919123818067	0.00449256574945575	0.00331142313962132	0.00268611234617956	0.00246277977531254	0.00238371045488223	0.00225301652008065	0.00212517928330752	0.00191949702525913	0.00186501571285941	0.00169075713312396	0.00161536071015881	0.00159505774917089	0.00113359899264666	0.00102320801883299	0.000969848980658726	0.000732232919649451	0.000717133230070501	0.000687341950630953	0.000669385563023554	0.000461764831313002	0.000392081804404743	0.000362800649613132	0.000318929929890509	0.000307503137776709	0.000284955628337873	0.000284241453830761	0.000276283509322936	0.000256388648053375	0.0002406768088969	0.000184665122553366	0.000182624623961616	0.000181910449454503	0.000178237551989353	0.000169973532692766	0.00015273131959248	0.000136101256069718	0.000132836458322918	7.92733702894835e-05	7.73348966273211e-05	3.61168250739732e-05	3.32601270455233e-05	2.81588805661486e-05	1.55077892972992e-05	1.22429915504994e-05	9.59034338122451e-06	9.59034338122451e-06	0	0	0	0	0	0	0	0	0	0	0	0	0	0	0	0	0	0	0	0	0	0	0	0	0	0	0	0	0	0	0	0
SAMEA2466888	0.512041163506183	0.184876776747095	0.00635711913966793	0.0154317175986381	0	0.00817218510663774	0	0.0141010314280574	0.0383839643957864	0	0.0517393058741394	0.0238498539651334	0.000370285159275904	0.000995298088956621	0.00403646347581998	0.000161738551512161	0	0.0149959220570636	0	0.0090219393956871	0	0	0.00532180434190694	0.0184268063051288	0	0.0020730326876956	0	7.13613893299782e-05	0.000826036814118313	0	0	0	0	0	0	0.0399102413728469	0.000269668734788688	0	0.000220979997705569	0	0	4.53453044937197e-05	0.000538710575966863	0.00161863930234264	0	0	0	1.46275175786192e-06	0	0.00675613692275898	0	0	0.000581966235092209	0.00163974472056322	0.00130299836944972	0.00078497528262976	0.000215651402016215	0.000102706069855591	0	0	0	0	0	0	0	0	0	0	0	0	0	0	0	0	0	0	0	0	0	0	0	0	0	0	0
SAMEA2466889	0.309065062017829	0.412617475924355	0.0190186574825029	0.000345051096585284	0.00038460835625612	0.000885523655348776	0	0.00159766182197728	6.12707554684149e-06	0.000257122187860436	0.000229819079283283	0.0326055012539006	0.000900895090492606	0.00346620487865703	0.024321480129464	0.0011392060814987	0.00450555037799756	0.0118263307309386	1.74137936594442e-05	0.000827585169037415	0.0136022152065416	0.00010813750877408	0.00229765333006556	0.00444965425020182	0.000207568120718437	0.00186273845879327	0	3.88048117966628e-05	0	5.70785458837339e-05	0.000152961903564131	0	2.17134957975786e-05	0.000390305461589148	0.000141675185451528	6.66453831410829e-05	0.000757500024185824	0.000202086000492316	0.000108889956648253	0	0.000116306942836535	7.09450852792173e-05	0.000167795875940694	0.000555414023693509	0	0.00027292359321808	0.000643342932418357	0.000520156466160807	0	6.3098128877122e-05	1.12867181126027e-05	0.000115661987515815	0	0.00183952006724734	0	0.00041051406163838	0	0.000204558329221743	0.00468527792737158	0.00147415287805937	0.000171343130204655	0.000110932315163867	6.38505767512955e-05	4.92315894816387e-05	3.79448713690359e-05	2.98829298600339e-05	2.91304819858604e-05	2.21434660113921e-05	1.30065989678565e-05	9.67432981080236e-06	0	0	0	0	0	0	0	0	0	0	0	0	0	0	0
SAMEA2466890	0.463674794485418	0.360923975278789	0.0229651902407927	0	0.000426844979530452	0.00351497385536579	0.0131650479389081	0.000221967479286743	0	0.00154022172073639	0.000904757647917308	0.0187316282725287	0.000313080326137475	0.00461914830016394	0.00429848366380027	0.00620588712362102	0.0100171546984903	0.00680433976253626	0	0.00158724444413882	0.00895909285986743	0	0.00713147634362629	0.00642148378231776	0.000168270562885258	0.000624947162638757	0	0	0.00130015302104312	0.00321423067386293	0.000144607514979518	0	0.00062757639018384	9.91016536223272e-06	0.000163214356067792	0.00354217624804375	0	0.000557800736102813	0.000183236935064956	0.000643149507181634	0	0	0.000220855113786901	0	0	1.02135377712807e-05	0.00496863331538717	8.33262883518343e-05	0.00111459023084213	0.00044049673793761	1.66854824976367e-05	0	0.000881195724147918	0	0	0.000230664155012784	0.000447979924027459	6.63374334451497e-05	0	0.000380631249218816	0.000383260476763898	0	1.14270274074724e-05	5.67306404919649e-05	0	0.000929937557868287	0.000297203836730632	1.41573790889039e-05	0	0	0.00407368470869574	0.000987477191451046	0.00017828185238384	0.000137832197844114	5.60227715375197e-05	0	0	0	0	0	0	0	0	0	0
SAMEA2466891	0.331685822739406	0.209867827309581	0.28310937502247	0.000394030216242057	0.0255736498558749	8.06344420620476e-05	0.00215822963333208	8.91601219233852e-05	0	0.00344601816853194	0.00221410878808591	0.0295242239217429	0.00157345017007191	0.000837365569031608	0.0106590514883269	0.000452888222995628	0.00978727504274653	0.000535782483816102	0	0	0.0096430575183451	0	0.00180302721212117	0.00481002422731147	0.00540384296560535	0.000286483387147836	0	0	0.00211549851499092	0.000140519639160358	0	0	6.16314206843676e-06	4.28338373756355e-05	0.000504350459267075	0	0.000165993959709897	0	7.49848951659806e-05	0	0.000329214505488997	0	0	8.62839889581147e-05	0	2.94803628940225e-05	0	0.000123776436541105	0	0.000332706952661111	0	0	0	0.00161001814634463	0	0.000288537767837314	0	0	0.000348628403004573	0	0	0.000508048344508137	0	0	0	0	0	0	0	0	0	0	0	0	0	0.00149990334138856	0.000836441097721343	5.3208459857504e-05	0	0	0	0	0	0	0
SAMEA2466892	0.487575914872846	0.330699571187842	0.0991417160503411	0	0	0.00837723698024095	0	0.000409784284803122	0	0	0.0207763067962998	0.0113451793262915	0	0.00450397378111248	0.00554629532376054	0	0	0	0	0.00350599986908823	0	0	0	0	0	0	0	0	0	0	0	0	0	0	0	0	0	0	0	0	0	0	0	0	0	0	0.00323209997194023	0	0	0	0	0	0	0	0	0	0	0	0.00895192950248961	0	0	0	0	0	0	0	0	0	0	0	0	0	0	0	0	0	0	0	0	0	0	0	0	0	0
SAMEA2466894	0.633195643887786	0.269169520614402	0.000157387574613558	0	0.00017801852209697	0.00015871530885754	0	0.00241525072320663	0	0	0.0316713641223329	0.0166920706485349	0	0.0017223777146548	0.00260715938816372	0.00407195665948601	0	0.00151249357070226	0	0	0.00570558044660078	0	5.13731019017648e-05	0.000535689700745043	0	0.000764059990709946	0	0.000254414307827627	0.000568065989617527	4.22832290006573e-05	0	0	0	0	9.77416670377514e-05	7.4965918083291e-05	0	0	0	0.000116432079856882	0	0	5.92373739622735e-06	3.65637584111964e-05	0	3.34997563096995e-05	0	1.65456113480833e-05	0	0.000135224626079397	0	0	5.12709684983816e-05	0	0	0.00071329968922848	0	0	0.0134019451919475	0	0	0	0.000138186494777511	0	0	0	0	0	0	0	0	0	0	0	0	0	0.00190877117582919	0	0.00109160181535997	0.000731377301627312	6.38333771145189e-05	0	0	0	0
SAMEA2466895	0.481755376591308	0.369695036597515	0.00174367621326061	6.45919923769146e-06	0.00779276756284468	0.000291381654500304	0.0148206839143691	0	0.00102537224724051	0	2.18382450417187e-05	0.0138935325063303	0	0.0114671291863429	0.00891051661188138	0.00257260678209768	0	0.0150983269546178	0	0.00102783289456916	0	0	0	0.00275613006202574	0.00380334055430797	0.00459433614349511	0	0.000940582441374309	0.000108063428516298	0	0	0	0.000694005073649738	0	0	0.000967444508045343	0.0177142001189108	0.00020853986110261	0.000151637391627709	0	5.73125773630083e-05	0	0.00041154326571577	0.000594348856839641	0	0	0	0	0	0.00124088394244095	4.92129465728873e-05	0	4.10107888107394e-06	0	0	0	0	4.08057348666857e-05	0	0	0.00050361248659588	0	0	0	0	0	0.000184343495704274	0	1.74295852445643e-06	0	0	0	0.0204438782221536	0	0	0	0	0	0	0	0.000209257549906798	0	0	0	0
SAMEA2466896	0.318082645051377	0.622540263331556	0.0154165088237168	0.000576687365725124	0	0	0.00107304863350102	0	0	0	0	0.00845134584226415	0.000460049470072827	0.00353714921978151	0.0191817321447738	0	0	0.000738639984130844	0	4.50146252517443e-06	0.00569284960683726	0	0	8.47275279738387e-05	0.00164293378918811	0.000529972187963869	0	0	0	0	0	0	0	0	0	0	0	0	0	0	0	0	0	0	0	0	0.00130322341728828	0	0	0	0	0	0	0	0.000142046150794393	3.70120252069898e-06	0	0	0	0	0	0	0	0	0	0	0	0	0	0	0	0	0	0	0	0	0	0	0	0	0.000537974788008624	0	0	0	0
SAMEA2466897	0.64401976991117	0.176599283609284	0.0230396903582124	0.00266953615046466	0.0143757257354428	0.010399478195654	0	0.00106425361163565	0.0178081436806391	0	0.000228954559871617	0.00278496365683942	0.000773584345149449	0.00708748894861646	0.0114374255385058	0.000650555027262997	0	0.00233485639627923	0	0.000710369280999662	0.00500709319030725	0.000902715117012384	0.000576737436531125	0.00357765255460376	3.92093435865767e-05	0.00990205966081717	0	0.00182543500116078	0	0.000458109167414595	0	3.47082709809748e-05	0	0	0.000668959413028125	0.00144434418721981	0	7.56180197741122e-05	0	0	0	0.000643553358765394	0.00117608025992594	0.000597542394352574	0	0	0.00659707208227721	0.0015997812278666	0	0.00102524431572044	1.29030748027255e-05	2.88068646758523e-05	0.000464810764405158	0	0	0	9.11217143045188e-05	0.000339880993640785	0	0	0	0	3.90092959152166e-05	3.2807818103054e-05	0	0	3.72088668729758e-05	5.15122753752219e-05	8.79209515627574e-05	0	4.38104400278586e-05	0	0.000102024312393643	0	0	0	0.00107935721082334	0	0	0	0	0.00100393923872059	0	0	0
SAMEA2466898	0.12819148969107	0.0674911870827681	0.231769557823656	3.00317221675597e-05	0.0722464161628871	0.0630246134215585	0.0034098904884479	0.00338739249727083	0	0.00453871171548834	0.0229668369289871	0.0104022248655642	0.00689284784732409	0.00447906107833078	0.00262349281519428	0.000155834709529262	0.00423540164177543	0.000137464790127799	0	0	0.000554916048436317	7.07964309517042e-05	0.000706416282601189	0.000992491656650933	0	0.00201336380675918	0	0	0.000498464666904856	0.000110013112819995	2.03307534948772e-05	6.13018658678022e-05	0	0.00248427359456184	0.0018472089177909	0.00265785901272623	6.43979196995094e-05	0	6.17146730453632e-05	0	0	0.000401558181972422	0	9.08175790634107e-05	0	0.00106679694861191	0	9.68032831380446e-05	0.000176371866612919	0.000107123462577069	0	0	6.3778708933168e-05	0.000164400458463651	0	4.56151931204858e-05	0	0	0.014946096670772	0.000108774691287312	0.000101756969268776	8.66895072878011e-06	2.29107983546332e-05	4.89176505409735e-05	0.00016790931947292	0	0	2.13627714387796e-05	0.000142005669080969	0	0	0	0	0	0	0.00485905008527564	0.00238963754910599	0	0	0	0	4.02486998121934e-05	0.000173275812781212	0	0
SAMEA2466899	0.50778272528309	0.197185201226457	0.0772942434175307	0.0610438701998346	6.17147529975593e-05	0.00474708667983517	0	0.0052530264470443	0	0	0.000629167260919471	0.0174835572100811	8.87843991568815e-05	0.00706578368443742	0.00164175383833442	0.000674923043420117	0.00179659625461144	0.000352006406213575	0	0	0.000443214952787709	0	0.000931680657364136	0.013304226056595	0	0.00303422451726134	0.00072229492419893	0	0	0.000437356596529348	0	0	2.87867505798763e-05	0	0.00226688085355847	0.0515394952197833	0.003437340031522	0	0	0	0	0.000404529600254051	2.59585785930814e-05	0.000710073180970281	0	0	0	0.000296150009474376	0.000223223574672023	0.00130510036576344	0	0.000133732132518443	0.000142115642336442	0	1.30297923677335e-05	0.000170700380631547	0	0	0	0	0	0	9.91880318225912e-05	0	0.000288271530368305	0.000290291653216015	0	0	5.63614274511262e-05	0	0	0	0	0	0	0	0	0	0	0	0	0	0	0	0
SAMEA2466900	0.466689905625873	0.00981475979366711	0.064442091393296	0.0092172009743408	0	0.00611041990794304	0.00278393177353762	0.000427808112670871	0	0	0	0.00182608162082254	0	0.0045226149924793	0	0.004016592374661	0	0	0	0	0.00724094750363521	0	0	0.00292633263387699	0	2.93682851585807e-05	0	0	0	0	0	0	0	0	0	0.333397654251115	0	0.000877112599014517	6.60029501502122e-05	0	3.4414382264866e-05	0	0	0	0.000229496496393857	0	0.000840276090138634	0	0	0	5.09655807734819e-05	0	0	0	0.000175906945125107	0	3.50199139176202e-05	2.93682851585807e-05	0.0792300826510337	0	0.00277040823329278	0	0	0.000265727473616986	0	0	0	2.23037492097812e-05	8.71965579966106e-05	0	0	0	0.000248772587339867	0	0	0	0	0	0.000240295144201308	0	0	0	0	1.80650276405015e-05	0
SAMEA2466901	0.642158817148004	0.200459048192857	0.0391979853185018	0.000150474801023589	0	0.00280579476057548	0	0.0031890852942998	0.000726461123824653	0	0.0259461978549537	0.0162310684641335	0.000268133289057991	0.000113256299706584	0.000345871932937863	0.00106953166419027	0.000190094495973949	0.000135467340815119	0	0.000793294346619705	0.00658117150035283	0	0.000506651856637935	0.00094877163437945	3.9719744685083e-05	0.00119169239028721	0.000325261687584898	0.000562379558878719	0.00135007112035393	0.000887441146994171	0	0	0	0	0.00139749469461269	0.000566981846675983	0	0	0	0	0	0.000320959548991804	2.36117373946589e-05	0	0	0	0	1.55077088820853e-05	6.37316810186344e-05	9.91492871106227e-05	0	0	2.40119363335514e-05	0.000643519893739178	0	0	7.30363063478855e-06	0	0	0	0	0	0	0	0.00250894719765195	7.50373010423482e-06	5.71283985269077e-05	0	0	0	0	0	0	0	0	0.005738052385841	0	0	0.000410203912364837	0	0	0	0	0	0
SAMEA2466902	0.710558604299849	0.15615610082589	0.00675055172297083	0.00304783194576888	0	0.0012981599153973	0	0	0.0131745607520115	0	0.000136184625496786	0.0211374560491659	0	0	0.000895714319903493	0.00361950696559325	0	0.00465961704282496	0.000173735533262444	0	0.00969264031247162	0	0.000331749753140332	0.00138527802141363	0	0.000783462139622687	0	0	0.000487861393691427	0	0	0	0	0	0	0.0125417027864676	0	0	8.41140333950737e-06	0	0	0	0	0	0.000392331884335594	0.000278577667744161	2.66361105751067e-05	0	0	0	0	0	0	0	0.00058329076729322	0	0	0.000689234395069396	0	0	0.000191459561727834	0	9.06228574077877e-05	0	0	0.00347080537084125	0	0	0	0	0	0	0.00175537976835195	0	0	0	0	6.00814524250526e-06	0.000324840386111451	0	9.50288305856249e-05	0	0	0	0
SAMEA2466903	0.500199909777028	0.129161179792082	0.173075437556073	0.0136795259745855	7.39017380593951e-05	0.00408294431012373	0.00213595284075645	0.00575298166648926	6.61973044619822e-05	4.66320980896046e-05	0.0373047661045471	0.0100696947118187	0.000317199641135593	0.0168836579839728	0.00467486783348286	0.00428336095778274	0.000533430652494564	0.00294309363421174	0	0	0	0.000609968117837284	0.000305845738992037	0.00432563396844223	0	0.0105453421123327	0.000506667883156182	0	0.000195145193092367	7.85649478683556e-05	0.000103705731186229	0	0	0	8.88037346228122e-05	0.00271854994449767	0	9.12367136535742e-06	0.000166152192975787	2.20995595294213e-05	0	0	0.000182169304928303	0.00136834795655105	0.000709720258098525	4.40977449325609e-05	0.000324498578227879	0.000682856114633862	0	0.000633385541008368	0	0	0.000325917815995823	0	0	0.000493387872613273	0	0.000153885923695695	0	0	7.52196017010578e-05	2.88916259902985e-05	3.66974337139932e-05	5.55530212023985e-05	0	0	7.42058604382403e-05	3.81166714819377e-05	0	0	0	0.00073607753093178	0	0	0	0	0	0	6.89344058715894e-06	2.26064301608301e-05	0	0	3.64946854614297e-06	0	0
SAMEA2466905	0.770568280812322	0.074845001068123	0.0309847509164314	0	0.000197983694498848	0.00456008315718805	0.00848151249048049	0.000180526416645484	0	0	0.000315441910807034	0.0279966300390105	0	0.000671247469829939	0.00504495148138121	0.00113371396926328	0	0.000591327446362514	0	0	0.000182746417297357	0.000119678216960058	0	0.00402778754634125	0.00185985600066681	0.00886970987719663	0	0	0.00175380051497961	0	0	0	0	0	0	0.0135288857907546	0	0	0.000690218384491398	5.66100166227594e-05	0	0	0	0.011905964405115	0	0	0.00079324659656241	0	0	0	0.000249043709491926	0	0.00114683215493344	0	0	0	9.00109355213929e-05	0.000596171084148418	0	0	0.000556211072414706	0	0	2.17963700365705e-05	0	0	0	2.92636449565067e-05	9.10200267267897e-05	0	0	0	0.00902056901240345	0	0	0	0	0.000189103691891357	0	0	0.000406764664895443	0	0	0.000223917338477546	0.0174361878471715
SAMEA2466906	0.295799616403985	0.184617648910115	0.0878063204972919	0.00221492229219548	0.00151571793817297	2.70793112718253e-05	0.00395895396548091	0.00390655239748543	0	0.000953873907357542	0.0567805613541227	0.00295784629762251	0.00365363989869857	0.000268105852821049	0.0023313013169744	0.000501587395428123	0.035747998275606	0.000614865735710263	0	0.00286596268036811	0.0146191072653895	0.000318336941668786	0.00111934710333538	0.00110291347550247	0	0.00342677314968461	0	0	3.12135572675239e-05	0.00104575752461194	0.000481432946199093	0	0.000371565358863405	0	0.0020830398449327	0.000181493399211165	0	6.01532792374135e-05	0	0	0	0.000357302210178245	0.000204955245236754	0.000156997991686651	0.0008598198109554	0.000190898808851379	0	0	0.00153814622269964	0.000163096004530307	0.000152553677241276	7.17291680253694e-05	0	0	0	9.80849862479475e-05	0	0	0.0300407750346941	0	0	0.000262834689176534	0	0	0	0.000857132551058197	0	0	0	0	0	0	0.000213223737228151	0	0	0	0.000743647498476272	0	1.03356149892463e-05	0	0	0	0	0	0
SAMEA2466907	0.216239652179376	0.475783516254748	0.00284338418238874	0.00534663867332614	0.00119515571287332	0.00050829381243068	0.00566806123174767	0	0	0	9.12347878245975e-05	0.0178404025454906	0	0.00183459953280186	0	0.0123524099739231	0	0.00545648055603602	0	0	0.0109717835410642	0	0	0.0082691530280496	0	0.00214361736129986	0	0	0	0	0	0	0	0	0	0.00443509110023652	0	0	0	0	0	0	0	0.165213495905989	1.10041958998966e-05	0	0.000678658772589989	0	0	0	0	0	0	0	0	0	0	8.81336053437176e-05	0	0	0.000278506194411929	0	0	0.000330526029575077	0	0	1.20045773453418e-06	0.00010303928888085	0.0270801256519111	0	0.00795853458923888	0	0.00127118470272715	0	0	0	0	0	0	0	0	0	0	0	0
SAMEA2466909	0.617015153507448	0.0964444083232631	0.0444561439721053	0.0069299033060344	0	0.00493293263419033	0.051388814443043	0	0.00143164913086937	0	0.007973739400093	0.0426086002050367	0.000725612130185065	0.0149930118837434	0.000864277838114499	0.000650693702619347	0	0.00213327916522629	0	0	0	0	0	0.0136005130118755	0	0.00449920515750344	0	0	0	0.000194931394295479	0	2.8081599388518e-05	0	0	5.2883595928742e-05	0.0554777617817426	0	0	0.000117245801826513	0	0	0	8.75244010138482e-05	0.00144384515396147	0	0	0	0.000145224913626022	0	0	0	0	0.000450740416462417	0.0142670922907913	0	0	0	0	0	0	0.00337706854544182	0	0	0	0	0	0	1.17860727360568e-05	0	0	0	0	0	0	0	0	0.0038207373182626	0	0	0.000113658736211192	0	0	0	0	0
SAMEA2466910	0.60745621559536	0.0236152040087817	0.0486789928589099	1.08036159702652e-05	2.41080689706845e-05	0.0397628086120424	0.00188633135510455	0.00871621731793631	0	0.0039901354983513	0.00254415152751626	0.0357084516187568	0.000235878948684125	0.00620977841283478	0.000911004913344496	0.0109735728548345	0	0.000839380940800886	9.80328115820365e-06	0	0.0078536286094956	0	0.00159043231769673	0.00921888556099727	0.0012309119862418	0.0094354580478086	0	0	0	0	0.000294298501708522	0	0.000575992784785068	0	0.00119820103788738	0.0130126553357409	0.00561357886484606	0.000412938210419027	0.0004287435004496	0.000280994048708103	0.000385729103530952	0.000707136678646343	0.00218793230094112	0	0.00133424657232776	4.08136603321132e-05	0	0	0.00155692110149267	0	0.000261687586835314	0	1.20040177447392e-05	0	0	0	0	8.74292625741836e-05	0.125894636934982	0	0.00501617891508288	0.00272901340078524	3.70123880462791e-05	0.000267989696151302	0	0	0	0.000167155947095493	0.000286395856693235	0	0.00304802017235169	0	0.0012699250439122	3.31110822792389e-05	0	0	0	0	0	0.00455712526982781	2.03067966848504e-05	0	0	0	0
SAMEA2466911	0.548124069911696	0.163846244422484	0.0730559622302267	0.0065302597435478	0.00888665089443199	0.00301295362086918	0.00881793035434481	3.43602700435913e-05	0.00609201559755323	0.00878658414307697	0.000472403478786452	0.0103713762473682	0.00030220962658223	0.00496345152328521	0.000653146536705811	0.0155843918372858	0.00247665209603675	0.00241104608335118	0	0	0.0102800502664629	0.000108907990430564	0.00501690083224191	0.0103541961123464	0	0.00947167970280577	0.000573575385025915	0	0.000355960341416503	0.000672637450122351	5.32483717049807e-06	4.9330095296501e-05	0	0	0.00453394814774032	0.014096551956948	0	0.000174514003116135	7.59542811489914e-05	0	0.000137240142922648	0.00010981220806329	0.000418954169829754	0.00132337273980756	0.00165622529727662	0	0	0.000644807640759559	0	0.000394841699623725	0	1.88881016613894e-05	0.000200635845839333	0.00551924396153418	8.46950515986769e-05	0.000310448053902623	5.36502462084145e-05	0.000419155107081471	0.00801709493762707	0.000121466568662871	7.11317871077856e-05	0.000103080810130774	0	0.000298090412922034	0.000497721572502782	0.000296482914908298	7.88678712988865e-05	3.50635504246005e-05	0.000204453653621954	0	0	0	0.00019561241454641	0	0	0	0	0	0	7.13327243595025e-05	0	0.00147849629813301	0	3.22504289005638e-05	0
SAMEA2466912	0.398897402663299	0.246890150492747	0.00611766782829097	0.00190501582108884	0.0391964886460156	2.60207046747097e-06	0	0.00317012246644655	0.00219184405031083	0	0.0367292254446863	0.00423667111920956	2.52200676077955e-05	0.0606904914240261	0.00180693778039186	0.000542831931367789	0	0.00224228418552642	0	0.000313149172796794	0.00477920281167725	0	0	0.000569152874942592	0	0.00414049459154649	0	0.00249188279113691	0	0	0	0	0	0	0	0.00131114327670527	0.000283625680954335	0	0	0	0	5.63448335840829e-05	8.82702366272843e-05	2.83225362420878e-05	0	0	0.00279152121342953	1.44114672044546e-05	0	7.26578138224585e-05	0	0	8.70692810269131e-06	0	0.000143814433144453	0	0	0	0	0	0	0	0	0	0	0	0	0	0	0	0	0	0	0	0	0	0.0015687482529849	0	0	0.000154322794647701	0	0	0	0	0
SAMEA2466913	0.504601912760504	0.263294962132881	0.00982363027900819	0.000982983332904789	0.00217937159701425	0.00330772640907534	0.000233314720848241	0	0	3.94193825103804e-05	0.000119658836249784	0.007800635572511	0.000332763619871891	0.00216926662840119	0.00739253490941496	0.00509510526325794	0.0102520409285246	0.00745776698402605	0	0.00169033113581948	0.00460796573675276	0.00310172511824064	0.00501856762970353	0.000808897735016308	0.000655122123548149	0.000191093960900575	0	0.000400797071920263	0.000652820992081807	0	0.00063121036613703	0	0.000478935492581702	0	0.000618203970892488	0.00111514831842817	0.000260027855696646	0.00014877315175872	0.000298646844653516	0.000656822959849358	0	0.00211273883368452	0	0.00260688180378292	0	0.000642315826691984	8.72428973326185e-05	0.000223910096594496	0.00156817106971498	0.000803395029335924	0.000152474971943705	3.93193333161916e-05	0	0	0.000189193026210988	0	0.000314054420558589	0.000274434939659831	0.0288408810612178	0.0016295012257527	0.000283139219554255	0	0	0	5.2025580978167e-06	2.20108227215322e-05	0	0.000133365575853647	4.56224325500849e-05	0	0	0	0.0012228012513753	5.00245970943913e-06	0	0	0	0	0.00770738972352706	0	0	0	0	0	0.00276195805477553
SAMEA2466914	0.541969407488986	0.280004726436668	0.0547587532723925	0.00219947816322306	6.18213043523721e-05	0.00896936779747544	0.000214496578155275	0	0	0	6.85211501442548e-05	0.00395016817120502	0.000401889234697933	0.0022675932621072	0.0129645061457381	0.00309492270458969	0.000784998598615588	0.00442514663272349	0	0	0.0169638065194169	0	4.1721766976724e-05	0.00351650542540316	0.000845601749187618	0.0109139472821619	0.000612223787437038	0.0015597444029133	0.00112729981089178	0	9.14630463407016e-05	0	0	0	0	0.000163232606565869	0.00184418331062322	0	0.000144757274230678	0	0	0	0.00130027764770038	0.00285738271742294	0	0	0.00246249786696197	6.11107146471724e-05	0	4.60868180229506e-05	2.35509730866179e-05	0	2.7814511317816e-05	0.000649174452107421	0	0.00029469170202781	7.34952780806525e-05	0.000161912939970498	0.00785029052460097	5.17715356645481e-05	0.000501777844686002	0	0	0	0	0.000180185246675633	0	0	0	0	0	0.000534566483940216	6.06031505720298e-05	0	0	0	0	0	0.00070916852578928	0	0	0.00191250143513742	0	0	0
SAMEA2466919	0.361760733269271	0.241656754898206	0.00758659077723944	0.00148262136596489	0.000434437851531788	0.000189051583755003	0.00025591402184845	0	0	0.00379671130882383	1.18717226765583e-05	0.000908858769059155	0	0.0118066521966047	0.0166555789256763	0.000723167106816385	0.000127565020081131	0.00406326508212768	0	0	3.65111470996037e-05	5.43187311144412e-05	0.00560087716350946	0.0054925756934318	0.00500202715264571	0.0091516422176378	0	0.00822385589072639	0.00127229027929908	0	0	0	0	0	0	0.00498141963403735	0	0	0.000385606992220662	0.00346643102417128	0.000343831968085226	0.00224330759633455	0	0	0	0	0	0.000159036284912384	0	0.000176507876775998	0.00130163359383925	0	0	0	0	0	4.41269691939996e-05	0	0.229904981419634	0	0.00217196526289146	0	0.000187147628231405	0	0	0	8.79179462367759e-05	0	0	0	0	0	0	0	0	0.0252802734528121	0	0	0	0	0	0	0	0	0
SAMEA2466921	0.415026578700101	0.45640124299704	0.011630742275928	2.09924800495745e-05	0.0022995848938921	1.46341808037899e-05	0.00726188421637999	0.000748159877920654	0.00104629346477855	0	0.00484118886066342	0.00293642407231909	0.000813054900381599	0.000979480860005389	0.00194654789767377	0.00105083510709697	0.00666874572959465	0.00283358110515315	0	0	0.00677168962214545	0	0.000614130966834909	0.000341430576960148	3.360815315629e-05	0.00156000367368401	0	0.000382204432441052	0.000487065907304071	0.000104760549478165	0	0	0.00031438257381935	5.55089616695481e-06	0	0	5.94450516788433e-05	0	6.96385155490694e-06	9.68883694595748e-06	0	0.000395324732472036	0.000389672910920228	0.000131404851079548	0	0	0.00636849270965482	0.000815073408078673	0	0.00037917667089544	0	0	0	0	0	0	1.99832262010373e-05	0	0.000725855367867981	0	0	0.000286325316830014	0.000209722949726038	4.74349308812502e-05	9.78976233081121e-06	0	0.000122220641057859	7.60977401797077e-05	0	0	0	0.000880876759003301	3.15896454592155e-05	0	0	4.54164231841757e-06	0	0.000367469326252408	0.000977159576153754	0	0	0.0036127250762239	0	5.25821255087901e-05	0
SAMEA2466923	0.651234557084203	0.174277529838421	0.0145198480714586	0.0296186756229912	0.00700402952494944	0.000510387134198772	0.000804683345187626	0	0	0	0	0.00179481636126717	0	0.00191207422552983	0	4.50606651735231e-06	0	0.00542950974897505	0	0	0.0177458912934484	0	0	0.0270982824176188	0	0.00430669810766235	0	0	0	0	0	0	0	0	0	0.0612865100284513	0	0	0	0	0	0	0.000144294263366771	0.00228397491542864	0	9.21240265769806e-06	0	0	0	0	0	0	0	0	0	1.45195476670241e-05	0	0	0	0	0	0	0	0	0	0	0	0	0	0	0	0	0	0	0	0	0	0	0	0	0	0	0	0	0
SAMEA2466924	0.356176530472241	0.571225365820097	0.000839023157039134	0.0164416537896446	1.82005023338644e-05	0.000284407849656651	0.000197105440110147	0	0.00218806039046678	0	0	0.00408321269667043	0.000187005161342453	0.013719578660371	0.000970926797579613	0.00318178781734376	0	0.00955066359831531	0	0.00974696901634485	0	0	0	0.00303528377383216	0	0.00201505561553499	0	0.000152404206356095	0.000430111871087642	0	0	0	0.000122503381093318	0	0	0.000625917275316799	0	0	0.000126603494256441	4.70012972358037e-05	0	0	0	0	0	0	2.9200805942244e-05	0.000424911727563681	0	0.000974226888662127	0	0	0	0	0	0	0.000257607109956235	5.09014048787747e-05	0	0	0.000199305500831823	0.000166504595526837	0.000226206243292315	1.76004857734073e-05	0	0	0.000161604460283104	6.93019127327914e-05	0	0	0	0	0.00178264920111795	0	0.000178304921215826	0	0	0	0	0	0	0	0	0	0
SAMEA2466925	0.303080821666853	0.169632786359153	0.0700840432757013	8.5377568352466e-05	0.00689423864446163	0.00812384724193986	0.00477803333843883	0.0114946523180868	0.00118724158805709	0.000491993600543671	0.00665633984219308	0.00858988434557236	0.000227709268357142	0.00428764861167064	0.00290884378607899	0.0187157068554755	0.00551865156642096	0.00104941473462378	0.000193172111310039	0.00681186430715674	0.00100479530191696	0.00117286898232942	0.0113175689445316	0.00423369771106601	0.000142224441752977	0.00230401450474789	0	0	0.000261281101138954	0.00312153689919827	0.000648054356765829	0	0	0	0.00313666031268784	0.00117040204254034	0.0072939901485441	0.00040833216421839	0.000164534158106386	0	0	0.00254244959827494	0.000421953962184173	0.00272693379119736	0.000383984541082699	3.81839376048718e-05	3.75403880946773e-05	0.000604614764827702	2.91742444621492e-05	0.00033507477830792	2.66000464213713e-05	0	0	0	0	0	7.37936771689656e-05	0.000714983505826054	0.00024315445660181	0.000316840875519076	0.000728069012533341	4.77299220060897e-05	0	9.6317910025772e-05	0.000823314340042122	0	3.29282832716169e-05	5.57742908835205e-05	0.00126232236424645	0	0	0	0.0166135523804253	0	0	0	0	0	4.47266909585155e-05	0	6.3282368502456e-06	0.0105827426621412	0	0	0
SAMEA2466929	0.532046676062754	0.258012712373622	0	7.99488729471618e-05	0.000535204907955717	0.0070388194518122	0	0	0	0	9.35250966551705e-06	0	0	0.116744763474528	0	0.00867832445263934	0	0.0236455579853085	0	0	0	0	0	0.0107381895653145	0	0.0209173404077191	0	0	0	0	0	0	0	0	0	0	0	0	0	0	0	0	0	0	0.000187351887170519	0	0	0	0	0	0	0	0	0	0	0	0.00951180402369101	0.00889473951500701	0	0	0	0	0	0.00012620859817445	0	0	0.00260995358439961	0	0	0	0	0	0	0	0	0	0	0	0	0	0	0	0	0	0
SAMEA2466933	0.548415814383034	0.0376575407944998	0.139755772741337	0.000156058638356808	3.68847648781665e-05	0.00317198954918298	0.000474289965770337	4.30990459174228e-06	0.0412594182691243	0	0.000694896942663936	0.161163970921575	0	0.000628945379376345	0	0.0015119746689868	0	0.00102956604572969	0	0	0.00678188545095484	0	0	0.0241175244830144	0.000559886675569125	0.00422651294940904	0	0	0	0	0	0	0	0	0	0.019890911303266	0	0	3.22741692683957e-05	0	0	0	2.50575848357109e-06	0	0	5.27211584943358e-05	0	0	0	2.48571241570253e-05	1.08248766490271e-05	0	0.000382980126629006	0	0.000145333992047123	0	8.0184271474275e-07	0.00152440323106531	4.91128662779935e-06	0	0	0	0.00105332063615395	0	0	0	0	0	0	0	0	0	0	0	0	0	0	0	0	0	5.46255349418499e-05	0	0	0	0
SAMEA2466935	0.541625970932325	0.229941278264953	0.0284177965807253	2.02166452275409e-05	0.0225654333564894	0.00107320924715448	0.0089985405410787	0	0	0	0.000207449193741902	0.0519976178899633	0	0.00152833774272927	0.000128309662926553	0.000671619304518959	0	0.00152529000726783	0	0	0.00566248930498831	0	0	0.016928341847013	0	0.00581700949288323	0	0	0.0014033805888103	2.37723365992189e-05	0	0	0	0	0.000622550763589802	0.0298510449770577	0.000971821247470633	0	1.37148095764725e-05	0	0	0	0.000282220303729189	0.00217669266655925	0.000179105253950525	2.58041602401778e-05	0	0.000892173760745045	0	0.000177784568583902	0	0	0	0	0	0	9.13304726611018e-05	0.000497492018488782	0.0256640660001337	0	0.000155434508533355	0	5.28274146649309e-06	0	0	0.0010177404617563	4.38873906447119e-05	2.98678075220956e-05	0.0136875831396836	1.04638917509382e-05	0	0	1.50354949430957e-05	0	0	0	0.00257777465328453	3.8096693267979e-05	0	0	0.00216155558043411	0	0	0	0
SAMEA2466939	0.643095603879123	0.21416978775274	0.0196597753059362	0	0.00119631297888468	0.00271329857184545	0	0.000417005120907352	0.00530683512319399	0.0115477335615817	0	0.000722493801234464	0.00174192903532145	0.000774883400461069	0.00346424967937766	0.00840355316116428	0.01250975140381	0.000184218322040576	0	0	0	0.000376380556439888	0	0.00483442372748077	0	0.00702221741341789	6.83779797967203e-05	0.000577592817577002	0	0	0.000750247216563721	0.000204228936716381	0.000505494271232519	0	0	0	0	0.00338098943338989	0.000486891438493705	0.000174766071892206	0.00031886260872853	0.000567637788165421	0	0.000541895489889008	2.97645323821018e-05	0	0	0.00101832911970792	0.00408327150824327	0.00249529348331708	0	0	0	0	0	0	0.000803541818464106	0	0.00271289634843488	0	0.00010839920914833	0	0	0.00029412586897854	0	0	0.000328515970582184	0.000206139497916583	6.9081870765216e-05	0	0	0	0.019130851521038	6.12385142591216e-05	0	0	0	0.000580307825598342	0	0	0	0	0.00217210697292493	0	0
SAMEA2466940	0.428595628937067	0.206651320909719	0.0840731217750402	0.0123595443879804	0.0331365505927379	0.00327224784859268	4.4579620913565e-06	0.00105124966526407	2.32228722898571e-05	0	0.000196461352630711	0.0749530643979579	0.00352344882876377	0.00383115188660437	0.00134060250705421	0.00330905195423062	0.00375059754834893	0.00062473673401196	1.38922539591109e-05	5.03853389860293e-05	0.0016105683974238	0	0.00891903438882325	0.029661931999905	0	0.00530601162408432	0	2.48816488819898e-06	0	0.00137346701828583	0	3.50416555088022e-05	1.01600066268125e-05	0	0	0.0372460659262095	0	0.00134381638670146	0.000368455750527465	0	0.000392819031724413	0	0	0.00205823073022559	9.24767950113953e-05	0.000722915573558811	0	0	0	0.000551543216884106	0.000408370062275657	0.0003038671369713	0.00056346567364006	0.000878322205534239	0.000114973952542194	0	0	0.000378823104228294	0.000334865524536779	0.00174472195431252	0	0	1.04710272378374e-05	0.000111034358135879	0	0.0029161292489692	0.000100355983824025	3.97069646741753e-05	0.000216159324662286	0	0	0	0.00100262677640718	0	0	0	0	3.32792053796613e-05	0	9.21657744003704e-05	0	6.53143283152231e-05	0	0.00222721859554911	0
SAMEA2466943	0.354727919511565	0.179573973584191	0.0035784282132699	0.000753050756527481	0.00204756402119818	0.00258416243167739	0.0565259000487626	0.0222497092872538	0	0.00469916053412656	0.00192761979471076	0.00332626896846086	0.0027654606173358	0.0104925219473061	0.000203186625146434	0.00255022429570353	0.00452526904263835	0.0456508831487869	0	8.71115672553809e-05	0.00331311379523321	0	0.00340398398341077	0.00283764824857662	0.00267204783265205	0.0260189427861618	0	0	0.000104135909079402	4.53245464146018e-06	0.000246521313425761	0	0.000235466546007565	0.000613760687058217	0.000244310359942122	0.000509845873327179	0.00250114112836674	0.000590545675480006	0.000142164308997995	0	3.39381359738603e-05	0.000688048724108491	4.26714022342348e-05	0.0123804551269856	0.00077051728904823	0	0	0	0.00180469078102042	0.00169447474986101	0	0	0	0.000233366140198108	0.000124587228803064	0	0	0	0.0240660075740633	0.00138284085634208	0	0	0	0	0	0.00092030938756478	0.000121823536948515	1.16075057891053e-05	0.00011021603115941	0	0.000710932092664156	0	0.0151869289314429	0	0	0	4.95253580335161e-05	0.000175549706600945	0	0	0	0.00132811975762201	0	0	0
SAMEA2466945	0.270764544432937	0.358430008290659	0.0887589586119116	0.00101209132089085	0.00153311563648805	0.00120167981118638	0.0142233710209705	3.8743376576305e-05	0.000217005251315369	0	0.000179955574261526	0.00192139625201233	2.97455978632287e-05	0.0491728606669619	0.000962233041198394	0.0198800098573312	0.0123435762634787	0.0101181609471845	0	0	0.0166400685270827	0	0.0106182257311913	0.0145603113697202	0.0210599891433861	0.00885063856706246	0.000897978315565014	0	0.000236165227163214	0	0	0.000700768177418412	0	0	0	0.000205890348199216	0	0.00263941899331581	0.000950377144541164	6.39371569729186e-05	0.000121734653176915	0	6.77479808984568e-06	1.00563409146147e-05	0	0.00204567145447293	0	3.20744347066131e-05	0	0	0	0	0	0	0	0	0.000158255049129989	0	0.00223568336964907	0.00413887235179494	0.00023605937094306	0.000914068461028397	0	0.00011940581633353	0.00126212371289422	0	0.000179426293160757	0.000118135541691684	1.93716882881525e-05	0	0	0	0.000609202546985342	0.000164288853678758	0	0	0	0.0199495573939723	0	0	0	0	0.000231507553476445	0	1.22793215378453e-05
SAMEA2466949	0.526364721439391	0.226659642256637	0.0302544356088867	0.016807917425856	0.0398240854082007	0.0175087548380249	0	4.09427435179704e-05	0	0	0.000176565581421248	0.0278126103854749	0.000335423426270973	0.000517516278067146	0.00439755772440641	0.00152214884713935	0.000746181500615011	0.000938100610855497	0	0.000431536516679408	0	0.00257263728895167	0.00185931234000983	0.00466225256125009	0.000100616792195412	0.00274797458806738	0	7.94289224248626e-05	3.41871908375053e-05	0.000993987455757527	4.9847790233129e-05	0	1.53535288192389e-06	0	0.000334195143965434	0.00365055736892104	0.000835846108919366	0.000173801946233784	5.44538488789007e-05	0	9.86720118783087e-05	0.000376775597224123	8.87433965752009e-05	0.00497454333743341	0.000257529856728034	4.42181629994081e-05	0	0.00109450189109414	0	0.000336139924282537	0	0	3.11164850736575e-05	0	0	0	0	0.000143401959171691	0.040672419053893	0	0	0	0	0.00024248339848518	0	0	0	0	0	0	0	0.000128662571505222	0	0	0	0	0.00228992764496009	0	0	0.000140638323984228	0	0	0.000200414729520465	0	0
SAMEA2466950	0.347669354754024	0.508163121414974	0.0142855499844735	0	0.00647641202093598	0.00143353546910183	0.0117426096766144	0.00176226653418748	0.00128402134001663	0	0	0.0240318710118106	0.000585555334979155	0.00954760224841248	0.000736469596376858	0.00295397915102977	0.00404368212796109	0.00553482304077735	0	0.00111270515063674	0.0174548494832762	0	0.00141563377739196	0.00434211032942613	0	0.00505817799782079	0	1.15010868527076e-05	0.000510848275162003	0.00112680648321266	0.000127912087692287	0.000424840147393929	0	0.00126631966720855	0.00193388275192006	0.000808576410470789	0.00147443933451711	1.47013892812871e-05	0.000183717361290642	0	0	0.00108050210744915	0.000515848747706658	0.00152194382369134	0	0	0	0.000448542387255596	0	0.000451642680233282	0	1.33012569687836e-05	2.66025139375671e-05	0	0.000362934297291094	0.000466344069514569	0	0	0	2.02019090804081e-05	0	0	0	0	6.06057272412243e-05	0	8.81083262368294e-05	0	0	0	0	0	0.000122111539540487	0	0	0	6.68063131965971e-05	0	0.00385236404840257	0	0	0	0	0	0
SAMEA2466951	0.493724065292365	0.154578285481714	0.0436010111219452	0.0869410788046059	0.0141571459147131	0.00220545683502401	0.000243429057422882	0.00531519788593071	0.00750053403226837	0.00836874696169782	0.00311526642137497	0.00974842154239778	0.00177082910894436	0.0147886019321908	0.00412870276707425	0.00403633525320844	0.00248579119708402	0.000241031255144198	1.18847591204319e-05	0.000625096628825524	2.85651227982311e-05	0	0.00279469068194227	0.0195661708463314	0.00180627488175968	0.014006188623429	0	6.20301024268157e-05	0	0.0048165592642375	0.000890731420394476	6.92235092628666e-05	0.000587253053731517	0	0.000366759496365609	0.00294992231641878	0.00688700940574432	0.000650534183434168	0.000104773534351176	0	0	0.00372409969561464	0.000350704646325728	0.0307049007012738	0	0.00107286014130145	0	0	0.000422325957867278	0.00441643904051629	1.54293364019642e-05	0	0.000316718405332212	0	0.000214238420986733	0.000697134949459019	0.000901365152239073	0.000550660505913345	0.000192345443659622	0	0.000569530167323856	0.00133818217605144	1.78271386806479e-05	0.000284191696160503	0.000851011304386717	0	0.000763960656443202	2.0433445505304e-05	0.000130732350324751	0	0	0	0.000655329787991535	8.5174107029762e-05	0	0	0.00109548288453946	0	8.99697115871293e-05	0	0	0	0	0	0
SAMEA2466952	0.698587810438223	0.160543497204354	0.00367982459349103	0.0117225633939933	0.00625193359158317	0.00156811959840825	0	0.0416139475353904	0	0	0	0.00113687919245499	0.000113948487466618	0.00960003479587937	0.011007403845566	0.00146840214455663	0	0.0072316701029936	0.000304363725977239	0.000949971603074825	0	0	0.00115331503409485	0.00163316143514161	0	0.0145605521961742	0	4.95079620127612e-05	0	0	0	0	0	0	8.68894798887935e-05	2.71592261244095e-05	0.0114282215226745	0	0	0	0	0	0	0	0	5.99306908575531e-05	0.000191417423976465	0.0006772769378183	0	0.00360526199483213	0	0	0.00015573962139237	0	0.000598304723109685	0	0	8.25800823856584e-05	0	0	0	0	0.00010492881827401	1.85404311181393e-05	0	0	0	0	0	2.71592261244095e-05	0	0	0.00158816330772516	2.12463318759218e-05	0	0	0	0	0.000945461768478521	0	0	0	0	0	0
SAMEA2466953	0.682701843593513	0.147214249298372	0.0229857711432586	0.000902618771811215	0	0.00120477733289094	0	0.0161538615346468	0.00174159850506113	0	0.0152029298723169	0.0195323129501993	0.00039959632347023	0.00742942638693774	0.00736497536702318	0.0055993219143719	0	0.000912768538726892	0	0	0	0	0.00239717195014475	0.0037855585665403	0	0.00792453201708449	0.000844460607384382	4.8617383526096e-05	0.00048962475601229	0.000402235262868306	0.000330273415436151	0	0	0	0.00070155188921164	0.0117143534857294	0	0.000369553013399824	0.000116722319530293	0.000101497669156777	0	0.00149729361540077	0.000860294243772839	0.000507082355107256	0	7.58187588601121e-05	0.00168547029401743	0.00015711839185469	0.000589193969455088	0.000754533672511478	1.11647436072454e-06	0	0.000669174132750628	0	0	0	0.000322965583256863	0.000679932885681247	0	0.000277799120482098	1.15707342838725e-05	0.00202711144839914	5.0444341570918e-05	0	6.31315502155151e-05	0.00152601745577214	0	1.01497669156777e-06	0.000151739015389381	0	0	0	0.00571543524788725	0	0	0	0	0	0.00182553707745378	0.00017569246531038	0	0.000711397163119847	2.46639336050967e-05	0	0
SAMEA2466958	0.371017544669503	0.53181945365653	0.00792664507596832	0.000133828315885036	0.0060353331049546	2.83448777971333e-05	0.000925257796663565	0.000206917607919073	0.000548270921961692	2.51054631917466e-05	0.000106596986858505	0.00271219987835998	0	0.00240243085671988	0.000408672398810811	0.00121133859900177	0.000801248956301107	0.00318404086197583	0	0	0.0124961430719855	0	0	0.00828601763375341	0.00693184109699536	0.000787785139347469	0	0.00138525467062847	0.00289897237670181	0	0.000107811767335525	0	0.000648287847903006	0	0	0.00122490364766183	0	0	0.000537844056200604	6.05365604381632e-05	0	0	0	0	0	0.000139902218270136	0	0	0	0	0.000279500741421018	0	0	0	0	0	0.000391867935545368	0	0.0153587732660831	0	0.000374354850334996	0.000791530712484947	9.54614991524882e-05	0.00012269282817902	0	0	0.000132714767114435	1.639953643977e-05	0	0	0.000154985742526468	0	4.64653532460149e-05	0	0	0	0	0	0	0	4.03914508609149e-05	0	0	0	0
SAMEA2466959	0.499893237779537	0.308489969585217	0.0109210484995208	0.0463160021476433	0.0179280242749138	0.00352025682284779	0.00302440449192007	0.00481278601832611	0.00657870733462044	0.00313335175544835	0.00147983311962257	0.00185647356611122	0.000822185971962544	0.000476644277936258	0.00390706026033721	0.00402708518405634	0.00138897598007566	0.00223931343711034	0	0.000118093955428983	0.000567907937123201	0.000685493743002145	0.00324687236492699	0.00845682807156331	0.000689254049672432	0.00244613030397608	0.00018679577459421	0.000184661546484047	0.000144111212390963	0.000404283782010754	7.53077633157287e-05	0	0.000209357614615926	0	0.00183838344212985	0.00140147645900661	0.00131793667298026	4.69530184235717e-05	4.80709474336568e-05	0	8.26251168362853e-05	0.000757142829557596	0.000483250222086761	0.00193432207717714	8.50642346764708e-05	1.17890695608968e-05	0	0.000328162979414963	0.000252956846009242	0.000903896419608759	0	8.62837935965636e-05	4.57334595034789e-06	0.00207020126685748	0.000364241597467708	0.000288933834151979	0	4.32943416632934e-05	0.0154276235989936	4.2684562203247e-05	0	0	4.70546483335794e-05	0	0	0	4.85790969836954e-05	0	0	0	0.000854301023524987	0	5.8945347804484e-05	0	0	0	0	0	0	7.56126530457519e-05	0	0.000369018203238071	5.90469777144917e-05	0	0
SAMEA2466960	0.273210774366136	0.138775298345848	0.019457804665679	0.00833037848528757	0.0364686616216415	0.0163541198294589	0.000994434046019752	0	0	0	1.73017557529901e-05	0.0297243121561927	0.000150921339339336	0.00468596166806436	0	0.0100579483744792	0	0.000224610142455986	0	0	0.0184630579373264	0	0.000174059831972853	0.137375836451297	0	0.00110345595275245	0	0.000125177160598441	0	0	0	0	0	0	0	0.261139672905096	2.50145866308291e-05	0.000579504590280874	0.00371643798123114	0	0	0	0	0	0.00126573808351995	0.000244309129427764	8.3381955436097e-06	0	0	0	0.000114858643613224	0	0	0	0.000682898215021634	0	0.000187192489954038	0.000981614070371452	0.000174268286861443	0.000203764653596962	0.000456933115789812	0	2.01158967489584e-05	7.09788895649776e-05	0	0	6.67055643488776e-05	3.33527821744388e-06	0	0	0	0	0	8.02551321072434e-06	0	0	0	0.00788282583948432	0	0.000484344933639429	0	0	0	7.62944892240288e-05	0
SAMEA2466962	0.341288269417961	0.171905280652184	0.0175883737306375	0.00400666235631888	0.00292782451356361	0.00464837234335273	6.12535848781604e-05	0	4.23690804493205e-06	0	0.00046242824947544	0.00738105697781833	0.00800799831395271	0.00568677797790779	0.0191209238977472	0.00255727664140541	0	9.75699395490065e-05	0.008675735021834	0	0.0201337870295171	0	0	0.0153064961121526	0.0213903329011284	0.00574197883700748	0	0	0.00014405487352769	0.0186465112512304	0.000503707839284636	0.00020058733229864	0	0	0.0014206957947235	0.0372947172656787	0	0.0074081731893059	0.00118693952515882	0.000268256806501983	0.000747632688157152	0	9.68436124555896e-06	0.00562177170304698	0	0	0	0.000610598976532493	0.00398463043448524	0.00441485818281919	0	0.00246672786375944	3.76479543421105e-05	0.000101201575016091	0.000782617443156734	0	0.000166328904392475	0.000683231685874185	0.182233894029603	0	0.00211772769537261	0	4.90270788056423e-05	0.000235329978267083	0	0	0.000271041060360081	2.54214482695923e-06	0.000723058621496546	3.76479543421105e-05	0	0	0	1.33159967126436e-05	0	0.00914167385226095	0.000357716093507834	0.000310504832435734	0	0	0.000199739950689654	0	0.00536210976715043	0	0
SAMEA2466965	0.681492983788174	0.155410839870432	0.0126360296673069	0.0537359348443652	0	0.00154421254015234	0.00317605159236106	0.00190362455397235	0	1.52527456733642e-05	5.55855094002467e-05	0.00395527239817078	0	0.00184425145000892	0.0053709114580161	0.000368113244573273	0.0108893343691551	0.0120048321517233	0.000144030960821634	0	0.00177822446370476	0	0.000123557476696313	0.00852085935811737	0.000128266378045136	0.00131163376048869	0	0.000175355391533375	0.000495970152935903	0	0.000331465707988948	0	0.00037906655858032	0	6.8995641502332e-05	0.0228788114077844	0.000118439105664982	0.00010492660614227	0.000312220632911146	0	4.83174225357577e-05	0.000226743836687931	0.000260729820335964	0.00344558501087091	0	0.000271068929819251	0.000801434536085693	0	0	0.00391780592222144	2.75368361485568e-05	4.62700741232256e-05	0.00011762016629997	3.30646768623935e-05	0	0.000275982566009328	0	0.000431683412782395	0.000585439278563556	0.000114958613363678	0.000967167390080167	0	2.17018931728403e-05	0	0	0	0	1.67882569827633e-05	0	0	0	0	0	0	0	0	0	0	0	0	2.35445067441192e-06	0	0	0	0
SAMEA2466966	0.5903914372581	0.283164288599509	0.0554924895694437	0.00131840191246783	0.00322744948184495	0.00264650457480363	0.000271620996303014	0	0.00051183956519839	0	0	0.0041492207347628	0	0.00118219138339394	0.000208916149218335	0.000817063158982189	0	0.00287392215418252	0	0.000421132553546389	0.016470673183037	0	3.40026284031756e-05	0.00407681513781015	3.45026670561634e-05	0.00064795008654169	0	0.000176313629043525	0.00030312343144125	0	0	0	0	0	0	0.000865666916052611	8.74067565422807e-05	0	0	0	0	0	0.00416252176293227	0.000692653542118806	0	0	0.000320524776565228	0	0	0	0	0	0.00208136088919673	0	0	0	0.000190614734518978	0.00129359999527964	0	0	0	0	0.000111908650538687	0	0	0	0.000108708403159564	0	0	3.57027598233343e-05	0	0	0.000191714819555552	0	5.20040199107391e-06	0	0	0	0	0.000184814286144319	0	0	0	0	0.000128609941548482
SAMEA2466967	0.696726730013799	0.150522412963286	0.0522300224084537	0.000457003728182915	0	0.00306968348571574	0	0	0	1.74233311933383e-05	0.00020938744487053	0.0177218850978453	0.000353591133041277	0.00247893006807808	0.00421900840337512	0.00101116815031456	0.000258377752578858	0	0	0	0.000350516427536571	8.66042050492404e-05	0.000178640389823463	0.00191697639200117	0.0015088604813431	0.0081334159814173	0.000503636761670967	0.00026852428074439	0.000255917988175093	0.000198728465787547	0.000105359908627952	0	0	0	0	6.21090511950765e-05	0	0	0.000162036980098046	0	0	0.000462948158825348	0.000473812118275312	0.00241138903715802	0	0	0	0.00190150037429415	1.72183508263579e-05	0.00138607724152181	0	0	0.000646405587272851	0	0.000413342910016079	0.000156707490556554	0	0.00153356061556424	0.0322019032017113	0	0	0.00211601232833919	0	0.000134159650188705	0	0	0.000101260301288343	2.37777225697323e-05	4.38657985338164e-05	0	0	0.00066403389883317	3.67939758729909e-05	0	0	0	0	0	0.000116838809178857	0	0	0	0	0	0
SAMEA2466969	0.258835989593173	0.501309426739618	0.00159923672653419	0.00421033336160499	0.00235512077763588	0.000865194315580469	0	0.000271693673242327	0.00257363924285444	0	0	0.00446875874877613	0	0.00153064989392005	0.000404682725171235	6.35857094026934e-05	0	0.00745973662043894	0	0	0.0180961050537983	0	0.000135438581665127	0.0148353727199343	0	0.00714905459889512	0	0	1.73508356315536e-06	0.00028557434174757	0	0	0	2.55159347522847e-05	1.73508356315536e-06	0.0784809935374261	0.000190859191947089	0	0	0	0	0.000162485472502549	0	0.00685582547672186	0	0	0	0.00027842988001693	0	0.000557574206206925	0	0	4.34791528178931e-05	0.00361030063997026	0.000508889802699566	0.000139725258703511	0	0	0.0471549783783072	0	0	0	0	0	0	0.00102206628243751	0.000146257338000096	0	0.0169702399487885	0	0	0	0	0	0	0.0154354054415691	0.000121047594464839	0	0	0	0	0	7.04239799163057e-06	0	0
SAMEA2466971	0.651019708991466	0.0755660249492035	0.031214766842475	0.00125722542474284	0.00606195180625742	0.00529177334325526	0.0016170404846644	0.0186632789484486	0.0103514700248325	0.00167123560207939	1.82338712798091e-06	0.0105620712381143	0.000680933793015982	0.00173839702796002	0.00448381024698994	0.00504885765809425	0.00120819657085713	0.00225563117659727	0	0.000243219583015676	0.00374381897088436	0.000302378365390167	0.000859423132988335	0.00565503257886301	0	0.0238621608474617	0.000830451537510416	0	0	0.000406108833115304	3.88989253969261e-05	0	0.000118722761888535	0.000215463578956411	0.00158827148775626	0.00685056673910916	0.000420189433714712	2.48183247975179e-05	6.63510316015275e-05	0	0	8.59017935848784e-05	9.54239263643342e-05	0.00128508272808699	0.00143794334898272	0	0.000131790369639065	0.000659154446765099	0.000380480114038683	0.000891028509873337	0	0.000115278586202349	0.000538608297748583	0	0	0.000689949429370998	0	0	0	0	3.34287640129833e-06	0.000408742614522387	0	2.02598569775657e-06	4.53820796297471e-05	0.00103193581515231	5.16626352927924e-06	3.47456547165251e-05	0.00038716586684128	0	0	0	0	0	0	0	0	0	0.00116088980481451	0	0	0.00137949366160245	0.000373693061951198	0	0
SAMEA2466974	0.362186968083715	0.049460642672601	0.41043027839057	0.000923614959926038	0.000499289403110688	0.000130406905770143	0.00728547963378199	0.00111006866084585	0.00148820843853427	0.00510830816761795	0.00110463503977209	0.00595504745161159	0.000483894143401712	0.00101679149907971	4.93050801137116e-06	0.0109877880372593	0.00879391321742413	0.000438412722562125	0	0	0.00687846116631268	0.00038457962488695	0.0038825235024236	0.00261256551035185	8.13030708813857e-05	0.000602628826124528	0	5.30281167753592e-05	2.19357295199778e-05	0.00128605761006806	0.000200037753604201	0.000758292007626389	0	0.000238374968957924	0.00098982463893588	0.00393464601568666	0.00304021161337894	0.00163994733814953	0.0003153512675028	0.000478963635390341	4.34689685900478e-05	0.000328029716674898	0.000144997184579303	0	4.03496676032619e-05	9.61952175279761e-05	0.000295226745007408	0	0.000291403085733283	0.000902987324368261	0.000153449484027368	0	0	0	0.000131916244957298	0	0	7.16433000835973e-05	0.00204495335336931	8.26111648435862e-05	0.000298949781669055	0	0	1.00622612476962e-06	0.00174861975962465	0.000377334796788609	0	3.40104430172133e-05	0.000778315907509305	0	0	0	0.000354895954206247	0	0	0	0	0.000747726633316308	0	4.86007218263729e-05	0	0	0.00183485333851741	7.53663367452449e-05	0
SAMEA2466975	0.606046722940737	0.188346419613304	0.0031419538404635	5.64007456962763e-05	0.0440817571536705	0.005152374003901	0.00887291303417212	0.0111647337095595	0	1.21648667188047e-05	2.15147229572248e-05	0.00972867622020902	0	0.00095770677986226	0.00348950709870241	0.00163361090342031	0	0.00266098919267209	0	0	0.00258257104357566	0	0	0.0143431821501794	0.000822284668538046	0.00105753911582733	0	0	0	0	0	0	0	0	0.000246112344856478	0.0851843283942969	0	0	0	8.00267265137895e-05	0	0	0	0.000787298109710409	1.21648667188047e-05	0	0	0	0	0.000398122910797244	0.000491923081447201	0	0.000181367103807633	0	0	0	0.000127680832503157	0.000310857585905323	0	0	0.000855461577771149	0	2.45308056147797e-05	0.000166286690519859	6.43430966945041e-05	0.000267928676079458	0.000175234402403939	0	0	0	0	0	0.00548997418936998	0	0	0	0	2.64409912978978e-05	0	5.1273405178433e-05	0	0.000188907310451521	0	0	0
SAMEA2466977	0.401487844019808	0.202283312327355	0.00465235257829875	9.3720541169182e-05	5.26417325398328e-05	0.0886882349683511	0	0.00220882275437368	0	4.78745621556861e-05	0.000234808498708503	0.025310936152577	0.000678155344434146	0.00277500030935893	0.00425191026603042	0.00625452754400048	0.00210272785603713	0.00212017367105997	0	8.3070479672684e-05	0.0150029952030094	0	0.0019155910611701	0.0217515841712903	0.000634135090248621	0.00405696342606595	0	0	0.000326196169264166	0.000877057921525884	0	0	0.000183688203525312	0	0.00206104047246513	0.00718848722266479	0.00058108764108035	0.000453084044808156	0.000169690979844201	0	4.77731329985765e-05	0.00064468372258801	0.000799971762122661	0.150644612722178	0	0.000122424992631172	0	0.000177703883255852	0	0.00109289916785491	0	0	0.000199714010348614	0.00322270860884028	0.000261281508714083	0	9.13876705556634e-05	0	0.0409949267164197	5.933605690906e-05	0.000170603842258186	0	0	9.28076787551965e-05	5.17288701258472e-05	0	3.08344637612893e-05	1.05486323393884e-05	0.000119990692860544	0	0	0	0.000266251537412449	0	0	0	0.000617703566796881	0	0	0.000108326339792951	0	0	5.08160077118617e-05	0	0
SAMEA2466978	0.455031445503145	0.307080830708083	0.158995515899552	0.00446040044604004	0	0.00176750017675002	0	0	0	0	0	0.0192587019258702	0	0.000212900021290002	0	0.00846830084683009	0	0.000382500038250004	0	0	0.00465460046546005	0	0	0	0	1.81000018100002e-05	0	0	0	0	0	0	0	0	0	0.0295683029568303	0	0	0	0	0	0	0	0.000133400013340001	0	0	0	0	0	0	0	0	0	0	0	0	0	0	0	0	0	0	0	0	0	0	0	0.000138000013800001	0	0	0	0	0.00122750012275001	0	0.000460200046020005	0	0.000863700086370009	0.000147500014750001	0	0	0.00713060071306007	0	0	0	0
SAMEA2466979	0.677676761142212	0.163048271843238	0.0376573234219013	0.00306821105272106	0.00401141188760023	0.000779013279934766	0	0.00016087772640857	0	0.000549732430452228	0.000202401029858164	0.0023110627006897	0.000396677935128364	0.00166243660550003	0.0252389470532747	0.00117880044793013	0.0133165434758515	0.0026040326750285	0	0	0.00289248924681843	0.000502692746109572	0.00165922707479861	0.00736346581172793	5.33584479110719e-05	0.000417941076025257	0.000666378811881883	0.000757449245534615	0.000255859775603655	0.00057109586918354	0.000391061256400882	2.42720759294726e-05	0.000350942122633159	0.00069155356832113	0.00222310149990396	0.00441149994909885	0.00622578747590971	8.2344522058252e-05	0.000257063349616687	0.000798471059812112	0	0.00031744264593711	3.87149640858529e-05	0.00199502422443446	0.000128882717228811	0	0	0.000272108024779583	6.44915075316151e-05	0.00175410882615928	0.000109826128689142	0	0	0.00222490686092351	0	0	9.36781773476338e-05	0.000341413828363325	0	2.16643322345706e-05	0.000155261047681089	0.000414430651820581	0	3.48033485434999e-05	0	0.00177025677750079	3.90158575891109e-05	9.21737098313442e-05	0.000163585767937892	0	3.25967961862751e-05	0	0.00332968750705219	0	0	0.0137983742724019	0	1.27378249712521e-05	0	5.75709569566829e-05	0.000503495128784927	0.00289890830822126	0	0	0
SAMEA2466980	0.58811995735541	0.167809428880844	0.0264702379973882	0.0464459567227175	0.00200984081250854	0.000920872153235051	0	0	0	3.37796795080235e-05	0	0.0148604528361499	0.000232247826172375	0.00423549067540515	7.00652699587788e-05	0.00170321754955589	0	0.00320175229330946	0.0009127530017806	0.000103043057965128	0.0076274917274868	0	0	0.021342843499246	0	4.27007224641484e-05	0	0	0.000390120215564473	0	0	0	0	0	0	0.0382704723902742	8.19934060461817e-05	0	0	0	0	5.0017982416925e-05	0	0.000170502180543466	0	0	0	0.00102251190107225	0	0.000209393918374662	0	0	0.000281463917087626	0.00625555560456004	0	0	0	0.000133314462153327	0.0403858621716906	0	0	0	0	0	0	0	0	0	0	1.99470511041445e-05	0	0	0	0	0	0.0106990368882119	0	0	0	0	0	0	0	0	0
SAMEA2466981	0.658818064741694	0.257408094957051	0.0133535357099326	0.00303707235006191	3.62856922909142e-05	0.000597912029047799	0.000582676047754377	0	0	0	0.000548796036720319	0.0185827851053047	0	0.000815525946074249	0.00150976546211533	0.00775862276351832	0	0.00406540085064889	3.77892430764493e-05	0	0.00724410768470821	0	0	0.00582886544864352	0	0.0138251494729954	0	6.24474759592253e-05	0	0	0	0	0	0	0	0.00129014681070817	0	0	7.53780127148273e-05	0	0	0	0	0.000268935117172715	3.30781172817726e-05	0.000159175909828651	0	0	0	0.000750773025577203	0.000212602081074666	0	0	0	0	0	0	0.000278958789076283	0.000113768676105491	0	0.000200673911509421	0	0	5.33259345269789e-05	0	0	0	2.896841180131e-05	0	0	0	0	4.10970548046266e-05	0	0	0	0	0	0	1.31310101936734e-05	0.000501283831897409	0	0	0	0
SAMEA2466982	0.609410574742378	0.129040456596581	0.0533450510775358	0	0	0.0345125943952755	0.00459105172280807	0.00298713914412753	0	0.00113473596818497	0	0.00702910182234333	0.000274956442059521	0	0.00321431289363439	0.00359533867476556	0.00127056651016119	0.00104328978071348	0	0.000280105439101834	0.0122032259702229	0	0.00378863202373399	0.00686587861610201	0	0.00241683623172093	0.000904060900689337	0.000164253005649788	0	0.000796652822386686	0	0	0.00015704440979055	0.00345868429326257	0	0.00856782809846818	0.000221200912937772	0.000190306930683893	5.16959303048237e-05	0.00257841175890872	3.79995981722708e-05	0.000727038382374612	0.000121825270021128	0.000322842114553033	0	0.00171832329296073	0.00045929053617433	0.000506867268845303	0.00145737212285631	0.000734452938115543	0	0	0.000161472547246939	0	0.000189792030979662	0	0	0	0.0474190703815376	0	0.000178670197368265	0	0	0	0	0	0	0	4.22217757469676e-06	0	0	0	9.3814726110945e-05	0	0	0	0	0	0	0.00123534737039176	0	0	0	0	0
SAMEA2466985	0.738293178170805	0.135792583889462	0.0403540719387066	0.0208117690508689	0	0.00413992574164385	0.00055497495480286	0	0	0	0	0.0202589806765634	0.00112629720189541	0.000335588044902368	0.000567365577621161	5.67469700501987e-05	0	0.00146542542474586	0	0	0.00104581021501687	0	0	0.00573914906825119	0.00171636156753665	0.00547124089588576	0	0	0	0	0	0	0	0	0	0.0160449194437714	0.00108058725721277	0	0.00101290738467584	0	2.21781736159492e-05	0	0	0.000130361846794218	0	0	0.000262493782562479	0	0	0	0	0	0	0	0	0	0	0	0	0	0.00155195153871231	0.000536857573539127	0	0	0	0	0	0	0	0	0	0	0	0	0	0	0	0	0	0.000567469700501987	0	0	0	0	0
SAMEA2466994	0.563477357197793	0.348467362092435	0.0127769486499271	0.000249890153496654	0	0.000166660206580534	0.00172529370105546	0	0	0	0.00113877797405089	0.00754758404296628	0.000155142223553634	0.00135982309179322	0.00624725383741636	0.00597462818698835	0	0.00692240795554099	0	0.0010987154243921	0.0012256135504363	0	0.000609752005806666	0.00258213148188266	5.35836601686213e-05	0.00271113289178394	0.000737451382844034	0	0.000299267245951103	1.09170447820182e-05	0	0	0	9.31454279566688e-06	0	0.00163775703005102	0	0	0.000187893357899689	0	0	0	0	0.000275630341652422	0	0	0	0.000139017047315974	0	0.000419955676798185	0	0	0.000222747776102829	0	0	0.000353952626235341	0	0	0.00335333556281422	0	0	0	0	0	0	0	0	0	0	0	0	0	0.00920567281696913	0	0	0	0	0	0	0.000409138788390314	0	0	0	0	0
SAMEA2466995	0.500349349735543	0.226888499102178	0.0702881373997442	2.05878297189182e-05	4.53575623494917e-05	0.0208295222615559	0	0.00238057503952971	1.12589693775334e-05	7.73115897257294e-05	0.0149812918820257	0.0127395774648189	0.000400926538119975	0.004142442904694	0.00919300211089592	0.00780407420282744	0.000171136334538508	0.00171211394334358	0	0	0.000876591187250815	0.000158161712684398	0	0.00334948977567629	0.00148157314180361	0.0165870353718216	0	0	0	0.000884204395115623	0.000174031498092731	0	0.000288444072624427	0	1.35107632530401e-05	0.00482280633993638	0.00929572680293093	0.000598333801206061	4.621538858778e-05	2.28396235944249e-05	0	0	0.00101459398333544	0.00212140428728687	0	1.21167956158217e-05	0	0.000540108845282245	5.25418570951559e-06	0.000532388409137651	6.35863699131172e-05	0	0.000264103253112998	0.00440354376597299	0	0.000529064332464284	0.000137359426405908	7.33441433736462e-05	0.0448575568808494	0	0.000188507315863845	0.000188185631024487	5.32924550536581e-05	7.07706646587814e-05	0	0.0129849157689694	0.000163844811513058	1.80143510040534e-05	2.76648961847964e-05	0	0	0	0.00928382446387469	1.42613612115423e-05	0	0	0	0	0.000233864878213337	0	0	0	0	0	0
SAMEA2466999	0.623835224330964	0.19941391662869	0.0756099574144099	0.0330592841638932	0.00480862497017308	4.84234127200501e-05	0	3.26157697246619e-05	0	0	0.0009004353604968	0.00256514024530861	0	0.00076266875034079	0.00955241859439039	0.000281636171088721	0	0.000385986624532962	9.69468738134888e-05	0.000226209372231474	0.00270320700058478	0	0	0.00687922610582217	2.90140282826747e-06	0.0111429876345213	0	0.00661039612652718	0	0	0	0	0	0	0	0.00424135069306009	0.00244758340657708	0	2.59125287076301e-05	9.9047889654648e-06	0	0	0	0	1.54074495018341e-05	0.00027763423615318	0	0	0	0	0	0	0	0	0	0	0	0.000424105054793993	0.0105502010221942	0	0	0	4.8023219226496e-06	0.00020740027803443	0	0	0.000169081751026621	1.8008707209936e-06	0	0	5.1024670428152e-06	0	5.17250090418717e-05	0	0	0	0	1.66080299824965e-05	0	0	0.00249610686767052	0	0	1.71082718494392e-05	0
SAMEA2467003	0.504861518568979	0.271659706859365	0.0121967647066801	0.00134324230686899	0	0.00349401713728867	0.0356202304827807	0	0.0217129714595163	0	7.04167556921299e-05	0.00754252855620437	0.000126971154343584	0.00173179011145837	0.00694263003267599	0.00235941334906811	0	0.00297498236316422	0.00016152659508266	0	0.0195436130345132	0	0	0.0158525093427766	0.00387342382238021	0.000158312135479025	0	0	0.00263133654116311	0	0	0	0	0	0	4.45001751378225e-05	0	0	3.41536332886222e-05	4.35961083743001e-05	0	0	0	0.0106834573964063	0	5.12304499329333e-06	0	0	0	0	0.000112305182401999	0	0.000531088997638075	0	0	0	0	5.69562061019082e-05	4.54042419013448e-05	0	0.000270717769743638	0	0	3.48567963269174e-05	0	0	6.73027479511085e-06	0	5.24358722842965e-05	0	0.0204336165372696	0	0.00031381161880487	0	6.98140445164483e-05	0	0.00182259859526106	0	0	0	0.00202099102392291	0	0	0	0
SAMEA2467006	0.364526989650546	0.338290418679598	0.0109346670721245	0.0131444326824042	0.000139753996692254	0.0163395294633064	0.00122121012250188	0.00483889397054707	0.000231747795524285	0.00258842135618407	0.0101927718467135	0.0350515517933148	0.00111077725993901	0.000950165961649569	0.00081262868300146	0.000803560291002684	0.00323872582240743	0.00887553752893573	0	0	0	0.000201016022639543	0.00179715377433528	0.00206084246167748	0	0.00131844343671099	0	9.98530718976376e-05	0	0.000106503226030074	0	1.36025879981646e-05	0.000153054304957126	0	0.000181367839975527	2.79104953740117e-05	0	0	0	0	0	0.0010339982076827	0.000215928489481975	0.000183080758464185	0	0	0.0018776609433022	0.000357294644751789	0.000219052046725998	0.00050934135059794	0	0	0.000337142662532286	0.00161266237711573	0	0.00042782658252005	2.6197576885354e-05	0	0.0100660158785529	6.03551867474116e-05	0	0	0	0	0	0	0	0	0	0	0	0	0.000768798121674041	0	0	0.0056691556379906	0.00123511499023334	0	0	0	0	0	0.000228019678813677	0	0
SAMEA2467008	0.44625374877716	0.254986888777363	0.118297776159121	0.000453461021623731	0.00129164940358202	0.00262536421041276	0	0	0.000630075334306741	0	0.00012730319404217	0.0703553932828394	0	4.07571490806948e-05	0.00430113716471333	0.000282884805100823	6.64190577611323e-05	0.00270365819062209	0	0	0.00579385517042677	0	0.000165041295042814	0.0198882811321471	0.00382000153568912	0.00156356500065866	0	0.000471474675168038	0	4.458127664876e-05	1.95231775843328e-05	0	0	0	0	0.00506294363024631	0	0	0	0	0	0.00107619000560235	0.00079833694730161	0.00770028339804327	0	0	0	0.00070625598086004	0	0.000615986443266501	0	0	0.000298181315373083	0	0	0.000661574069275278	0	0.00121154399452465	0.0334423981224741	0	0	0	0	0.000108887000753856	0	0.00033139084425365	4.25685779287257e-05	0	0	0	0	0	0	0	0	0	0.000519578174576858	0	0	0	0	0	0	0	0
SAMEA2467010	0.218297039141726	0.687143771612436	0.00634656050187385	0	0	7.07095393743895e-05	0.000145667720599601	0.000245005013397384	0.0012916882807891	0	0.00745838961097817	0.0138980156010129	0	0.00175924120065809	0.00399372333977239	0.000510949761630961	7.11141719316106e-05	0.0149642223892905	0	0.00116078964852807	0.0113669377974555	0	0.000282635841218947	0.00187193136784417	0.00156370251738099	0.0022249732740196	0	0	6.77759533345364e-05	0	8.17357765586648e-05	1.67922511246762e-05	4.14748371151641e-05	0	0	0	0	0	0	0	0	0	0	0.000471902719859123	0	0	0	0.000130797474121725	0	0.000329674375995902	0	0	0	0	0.000224065278561191	0	0.000213645990212748	0	0	0.000171260729843836	0	0	0	3.21682882990785e-05	0	0.0036625315916869	0.00011461217183288	0	0	0	0	0.00149744393613603	0.000240250580850036	0	0	0	0	0	0	0	0.000250265236641258	0	0	0	0
SAMEA2467011	0.656097034174308	0.297435218696144	0.00856040891161287	0.00665162650170305	0.000266309160124735	0.000786522395529928	0	0	0	0	0.000132854457041941	0.00256445116853398	0	0.00112416079350926	0	0.000318330483665254	0	0.00472803802278554	0	0	0	0	0	0.00118928748894172	0.00069618536638168	0.000508508437608576	0	0	0.00115427313655868	0	0	0	0	0	0	0.00112416079350926	0	0	0	0	0	0	0	3.62148444647461e-05	0	0.000227393208476154	0	0	0	0	0	0	0	0	0	0	0	0.000166468235329662	0	0	0	0	6.90282946979967e-05	0	0	0	6.95284997320402e-05	0	0	2.48101696885553e-05	0	0	0	0	4.55186580979544e-05	0	0	0	0	0	0	0	0	0	0
SAMEA2467012	0.60938531611466	0.22684127207708	0.0172204751202907	0.0161012353383843	0.00452851623743621	0.00521497662961262	0	0.00348425951426395	0	0.000106017435513318	9.56059026583747e-05	0.00158926042377141	0.000245872352805202	0.00567158241183759	0.00250107043572165	0.00171139571303132	0.00178567799551563	0.00208551011955944	0	0	0	0.000232657714950851	0.00167115113411125	0.00275535210352507	0	0.0161025367799912	0	0.000499052800787432	0.00053859660345765	0.00126149736062637	0.000293525137795136	4.60510107045574e-06	0.000288819925831844	0.000830720188753082	0.000556015898811113	0.0382218383303185	0.000365504869744216	0.000205928106563641	0.000233058158522195	0	1.10121982119594e-05	0.000624191416832425	0.000253080337089394	0.000782366627513296	9.36036848016548e-05	3.6840808563646e-05	1.37151923185312e-05	5.66627653451729e-05	0.000162580089965655	0.00174473264034571	0.000278508503869737	0	0.000406350114021301	0	0.000144760351040848	0	0.000262690982801649	0.00017969905264061	0	0.000596160366838347	0	0.000276806618691525	0	0	0	0.000985691850863201	0.000124537950687977	1.48164121397272e-05	1.27140833901713e-05	0	0	0.000184404264603902	6.07673119514486e-05	9.17015778377709e-05	0	0	0	0	0	0.00696121093335087	0	0	0.000132847154793365	0	0
SAMEA2467013	0.553698617965073	0.293662759783202	0.0263979297593491	0	0.0158595106933149	0.00479716752783272	0.0029511255662753	0.000275670529789728	0.0172034420492517	0.00140877146602889	0	0.00315745320054986	0.00148822061327137	0.00545397382821013	0.00367157123396533	0.00156546839875147	0.0109892979797303	0.001617700709659	0.000110168150017601	0.00480717371766175	0.00165902627365288	0	0.00152014035882597	0.00810321264734365	0.00165002070280676	0.00646760085789069	0.000623085440653588	0.000329804016764771	8.20507565980315e-06	0.00031549516530926	0.000338809587610896	0	1.58097799298646e-05	0	0.00224018577892284	0.00406921721777091	0	1.7010522709348e-06	0.000137885295844009	0	0	0.000324800921850257	0.000292681052499076	0.00147981541381499	0	0	0.00010266350764583	0.00130930993912834	0.00222877872251775	0.00134233036556414	0	0	0	0.00581319604307224	0.000448777613831916	0	0	0.000182112654888314	0	3.52217881981794e-05	0.000929875220811594	0.00144109145917665	3.51217262998891e-05	0.000178010117058412	0	0	0.000116171863915018	0.000118573349473985	0.000185814945125054	0	0	9.57592366638002e-05	0	0	0	0	0	0	0	0	0	0	2.40148555896678e-06	0	0
SAMEA2467014	0.529008089927404	0.257085422196942	0.0691247636435075	2.0773957513777e-05	0	0.00280458971592088	0	0	0.0262817979955135	0.000305176817486653	0	0.0111987448733405	0.000759356690643188	0.00226193598309907	0.000107982398447247	0.000691973143174642	0.0046504138393785	0.00478402096714477	0	0	0.00899427999097756	0	0.000534112156382134	0.0179544991277574	0	0.000281661119387301	0.000921541191436026	0	0	0.00103226533046885	0.000102709820398065	0	0	0	0	0.0257515875468877	0	0.000301486012852225	0.00013561070742496	0	2.80501152216481e-05	0	0.00161087804558608	0	0	0.000198565289332193	0	0	0	0.00172687476266808	1.36032513668895e-05	0.000360011629198145	0	0.000246440298018765	0	0.000194452678453831	0.000174100527183989	0.000158071889914476	0	0.000687333274491362	0.000301486012852225	0	2.86828245875499e-05	0	0	3.70134979052575e-05	5.0300394589196e-05	5.65220366872308e-05	4.95622336623106e-06	0	0	1.6977701318366e-05	0.000569438429311653	0.00011357133117938	5.20930711259179e-05	0.00230327299500465	0	0.00171506418783791	0	6.32709365901837e-05	0	0	0	0	0
SAMEA2467015	0.720888203055332	0.144284240868428	0.0165200302846656	0	0.000313300022341311	0.00108706981815256	1.72550764786121e-05	0.00368496203030453	0	0	0.000209970203893809	0.0213527558614341	0	0.00767028277559141	0.0123652687011673	0.00960435614437724	0	0.00116381478039755	0	0.000218196461284775	0.0123020669675537	0.000203750350744542	0	0.0090638308416635	0.00452745117139397	0.00612163966163598	0	0	0	0	0	0.000627402606379302	0	0	0	6.29007729772661e-05	0.00187548636492821	2.65848562025128e-05	0.00064315287967664	0.0015548629671047	0	0.000452444156503142	0.000720198802557885	0.00335882102081634	3.32059902001198e-05	0	0	0.000365968133685912	0	0.00082703982842836	0.00110663225950913	0	0.000719396240861205	0	0.000920939546939877	0	0	0.000276081223657793	0	1.24397062985343e-05	0.00056580599615914	0	1.18377850260246e-05	7.27321537615916e-05	0	0	0.000114666002413102	3.2704389139695e-05	3.81216805922825e-06	0	0	0	1.39445094798086e-05	0	0	0.0085371497282175	0.00234207567133533	0	0.000481637338219864	0	0	0	0.000172651084998206	0	0
SAMEA2467016	0.473257613932055	0.290646890765447	0.0404982198061681	1.12223403128608e-05	0.035263599247021	0.00382210867173282	0.0179982290746188	0.00111481927072223	0.00879801420688164	0	0.0039080798144867	0.0155823197238743	0.000124948735447656	0.00358874411290556	0.00126622066547877	0.000290578454529432	0.0116043006813664	0.00232903641278694	0	2.00398934158229e-06	0.0117016945633673	0	0	0.00320147317264478	0.0031471650614879	0.000462620939504271	0	4.67931511259464e-05	8.44681507476934e-05	8.70733368917504e-05	0	0	0	4.60917548563926e-06	0.000247492683685413	0.00728099427530385	0.00036542745643753	0	0.000316930914371239	0	0	4.10817815024369e-05	2.04406912841393e-05	6.91376322845889e-06	0	1.68335104692912e-05	0	0.000633461030874161	0	0.00209827704010373	0	0	0.000350998733178138	0	0	0.000551497866803446	0	0.000180459240209485	0.000214326660082226	0	0.00010300505215733	0	3.87771937596173e-05	0	0	0	0.000189477192246605	3.55708108130856e-05	0	1.77353056730032e-05	0	0	0	0	0	0	0	6.56306509368199e-05	0	0.000232162165222308	8.937792463457e-05	0	0	0	0
SAMEA2467017	0.18442207706573	0.194520817144644	0.0792610213327479	0.05965048641611	0.0105148848552719	0.00294243073775995	0	0	0.0121160266468737	0	0.00391850486456134	0.0398204223724395	0.00299916410832852	0.00664170665185262	0.0194872624077482	0.000692307215103924	0	0.00142223655954432	0.0358422824305256	7.80459066022635e-05	0.0153105056394171	0	0	0.00965247758731686	0.000737433758536771	0.00138561501875403	0	0	0	0	0	0	0	0	0.00218958791561196	0.00291871678921542	0.0263598048372052	0	0	0	0	0.000194214236814094	9.6756912415883e-05	0.0468803750365965	0	4.46262491597558e-05	0	0.000273460849671777	0	4.06238949750243e-05	0	0.000217628008794773	0.000108763974970077	0.000387327826227387	0.000144184809504951	0.000200618003509664	0	0.000114267211974083	0	0.000533313695115467	0	0	0	0	0	0	0	0	0.17975092949673	0	0	0	0	0	0	0.0197591223157461	0.000439758666047369	0	0	0	0	0	1.54090636112161e-05	0	0
SAMEA2467018	0.598372578843525	0.0311625051125665	0.0153543996071949	0.0001071013923181	0.0398198176576295	0.00877431406608286	0	0	0	0	0.000212102757335845	0.0349926549045138	0	0.000870511316647116	0.00100811310547037	0.00146221900884711	0	0.000679708836214871	0	0	8.9201159615075e-05	0	0.00160612087957143	0.0326859249170239	0	8.50011050143652e-05	0	0	0	0	0	0	0	0	0	0.0582550573157451	0	1.32001716022308e-05	0.000542607053891701	0	0	0	0	7.11009243120161e-05	0	7.00009100118301e-06	0	0	0	0	0.000971512629664186	0	0.0003710048230627	0.0241226135939767	0	0	1.75002275029575e-05	0.000192402501232516	0.134326146239901	0	0.00558037254484308	0	0	0.000483106280381645	0	0	0	0.000152801986425824	0	0	0	0	0.00252253279292631	0	0	0	0	0.000173802259429373	0	2.1000273003549e-05	0	0	0	0	0
SAMEA2467019	0.501237750471088	0.087784954794737	0.191014368904534	0	0.00269203244238502	0.015848096760155	0	0.00394627137119739	0.0056582298864407	0.00679943409583741	0.0206850492507696	0.00989419077642778	0.0020744001828849	0.00241391021086049	0.0032027180283985	0.00465025241545759	0.00574782562902959	0.000491711176201342	0	3.25710457203117e-05	0.000736450622548357	5.01249114823489e-05	0.00662825853779951	0.0196091900676778	0.00456562857704407	0.0219788604781206	0	0	1.92788121085957e-06	0.00189835418810378	0.000186294205428325	0	1.66406588726826e-05	0	7.98548691024465e-05	0.0184536789503478	0	0.000274063534238511	0.00024575412066852	0	0.000299125989979685	0.000680846469729881	0.000131704726931354	0.00789700730940941	0.00443838841712734	8.28988920669616e-05	4.36309958247166e-06	0.00130223302421957	0.00192341664384495	0.000723158388936641	5.07337160752519e-06	0.000673642282047195	0.000688152124844717	0	8.20871526097576e-05	0	1.37995707724685e-05	0.000911583410440126	0.0169341026864619	0	0.000295270227557966	0.0012275529941568	9.63940605429786e-06	0.000196136546346924	0.000322362031942151	0	0	0.000140430926096297	0.00124348338100442	0	0	0	0.00013698103340318	0	0	0	0.00169714427014933	0	1.50171799582746e-05	0.00205258468497254	0	3.62238732777299e-05	0	0.000153520224843712	0
SAMEA2467020	0.515462633262871	0.127795473036834	0.0598559892445932	0	0.000229998035652642	0.00320345388449953	2.91443073539715e-05	0.00770430290972766	0.00211575045697117	0	0.0186168995528295	0.0731993473779435	0.000275555743538092	0.0340380258508954	0.00216435937392978	0.000380769849509108	0.000406126449048123	0.00504638416468785	0	0.00280448199465744	0.00420267224890627	0.000171709420944699	0	0.0105063649799478	0.000264823904729048	0.00828129706687272	0	0.00434144965468204	7.30185895438853e-05	5.8183400601972e-05	1.57821158956524e-06	0	0	0	0.000356360176923832	0.00392901035927566	0.000249147002939366	8.19617885514217e-05	4.94506298063776e-06	0	0	0.000247884433667714	0.000404232595140644	0.00417941993148668	0	8.02783628558854e-05	0.000531646877471545	0.00146205521657324	4.56629219914211e-05	0.00177696103574449	0	1.10474811269567e-05	0.000322902091225049	0.00105550791110124	0.000188122821476177	0.000206219647703192	0	0.000215057632604757	0.0131276692161097	0	0	5.51321915288125e-05	2.08323929822612e-05	5.78677582840589e-06	0	0	3.57727960301455e-05	0	1.40986902001162e-05	0	0	0.000166343501540177	0	0	0	0	0.00104530214282205	0	0.0026768572841146	0	0	0	6.73370278214504e-06	0	0
SAMEA2467021	0.481326991902158	0.191147707944408	0.00574372064083082	2.81954764184616e-05	0.00283837819216849	0.00234103012777284	0.00308126208188752	0.00647549395201996	0.000387285008233583	0.000716064402898858	0.000275610781990462	0.00497066109631464	0.000500167612037495	0.00284381589119205	0.00119901263469508	0.0028817790862269	0.000391715725956484	0.00504960843028633	0	4.15883277172308e-05	0.0216723522509204	0.000491104780331561	0.000381142422299561	0.00443162400607169	0	0.0223854964080474	0.000533901485609583	0.000746072445658506	0.00037298587376422	0.000156786988512659	0.000307934881741627	0	0.00036754817474066	0	7.1797766737011e-05	0.0660035963330172	0.000586768003894198	7.58256919396484e-05	0.000139466910141319	4.23939127577583e-05	0	0.000325154261982901	0.000680417264855517	0.00238926453207442	0	0	0	0.000127584530793539	0.000105934432829363	0.00131058616280813	8.11626928331429e-05	0.000373287968154418	0.000230195925330725	0.000325254960112967	0	0.000288600840768967	2.85982689387253e-05	2.23549848746374e-05	0.0308120166300948	2.89003633289231e-05	0	0	0	7.70340695004396e-05	0.000137050155019736	0	8.2572466654066e-05	3.98764595061099e-05	0	1.75214746314725e-05	0.000384062668071473	6.22314443807473e-05	0	0	0	0	0	0	0	0.00034227294409411	0	7.38117293383297e-05	0	0	0
SAMEA2467022	0.608391841281631	0.170784819301571	0.00921705815787824	0	0.000240467742962722	0.0019159946565854	9.94067489737108e-05	0.00496128217803004	0	0.000906231364378758	0.00491097511883282	0.0103723094652832	0.000744443862000492	0.0106419553025804	0.00706914795839365	0.00201691061733503	0.00127186307062417	0.00554273116823153	6.72102310874887e-05	2.93793225711777e-05	0.00454645016788975	0.000833789199134759	0.00118020360876683	0.0101587056919318	6.87194428634054e-05	0.0204796013427155	0.000506290243760843	0.000119127116179022	0	0.00030043375752581	0	0	0.000481136714162232	0	0.000582253903148648	0.00474526366583717	0	0.000313312364680299	0.000140658537515433	0.000425094650216527	9.03514783182109e-05	0.00052953210510996	0.000229702032294516	0.000580744691372732	1.32810636280666e-05	0.000139551782213094	0	0.000148908895223777	0.000368650129797243	0.000870010281756759	0	4.92003038948832e-05	0.000354564153222021	0	0	0	0	0.000509711123786254	0.0593700771398384	8.45158594513331e-05	0.000156052497629783	0	0	6.27832098781332e-05	0	0.00360842474209835	8.51195441616998e-05	5.03070591972221e-07	0.000226079924032316	6.13746122206109e-06	0	0	0.000169132333021061	0	0	0	0	0	0	0	0	0.000215012371008927	0	0.000250931611275744	0
SAMEA2467023	0.672076706159955	0.183923842644051	0.01144678356152	0.00307732246445399	0	0.00135750990982234	7.20005256038369e-05	0	0	0	0	0.0179247308505352	0	0.000375902744090032	0.00307172242357369	3.37002460117959e-05	0	0.00601594391639059	5.60004088029843e-06	0	0	0	0	0	0	0.0278466032802039	0	0.000112800823446011	0	0	0	0	0	0	0	0.0622934547422196	0	0	0	0	0	0	0	6.9000503703677e-06	0	0	0.0015293111639715	0	0	0.000717405237058231	0	0	0.000262301914803978	0	0	0	0	4.06002963821636e-05	0	0	0	0	0	0	0	0	0	0	0	0	0	0	0	0	0	0	0	0	0	0	0	0	0	0	0
SAMEA2467024	0.391495342592236	0.201747397905306	0.0184860257738437	0.00551748724802105	0.00628478409886933	0.00362818649259116	0.047622376186759	2.37339276495751e-05	0	0.00716083641565618	0.000129485098948948	0.00906636036213768	0.000669056416146882	0.0024242654875144	4.69671395259523e-05	0.00607648633721905	0.0491602746125587	0.00508486881997816	0.0640533642842443	0	0	0	0.00193226216877026	0.0190859834132893	0.000342589732021925	0.00497190734154474	0	0	1.0414888082514e-05	0.00319086133628021	2.59370770516453e-05	0	0	0	0.000739957769631688	0.0343592164999867	0.00134842757722164	0.000574220848703221	6.68956272992242e-05	0	0.000143805570062404	0	0.00102005817315853	0.000593949050167214	0	5.25751561857676e-05	0	0	0.000405880205754125	0.00581871785717683	0	0	0.000122975793897376	0.000973391463096496	0	9.82404347014057e-05	0	0.000352303618021962	0.000950859253302596	0.00535986192261838	0	0	0	0	0.0028683002351862	0	0	0	0.000856123829013575	0	0	0	0	0	0	0.00168310600002704	0.00152247637998519	0.00815335522128883	0	0	0	0.00310143349918709	0	0	0
SAMEA2467025	0.554862753840582	0.237302649696718	0.0238349636495141	0	0.00207389937265527	0.0047870467789949	0.00693761153047297	8.30205352252197e-05	0	0	1.04910518389099e-05	0.0033168872645692	0	0.0050450863040327	0.00129967992204341	0.00352973456630093	0.00351026559509987	0.00510540985210643	0	0	0.00158092081172496	0	0	0.0177723461926056	0.00151444385824571	0.0138279124521724	0	0	0	0	0.000434470771828701	0	0	0	0	0.01040117176979	0	0.00222541437132876	0.000359318525482664	0	0	0	0.00201771172001804	0.00060525299070634	0.000159282412054219	0	0	0	0	0.00114725704388387	0.000114191064246596	0	0	0	0	2.24952361545857e-05	0.000146269472754032	0.000223237478072189	0.0709239489529628	0.000357502766510545	0.00525783273026598	0	2.03768506871135e-05	0	0	0	2.74381355786874e-05	0.000272464721316304	0	0	0.000118932212673796	0	0.0117551227100001	0	0	0	0	0	0.0013124911103467	0	0	0	0	0	0
SAMEA2467026	0.55797686841219	0.227638294040351	0.0448053872750019	0	0.000933630652160394	0.00313020674750056	0.00275071738531729	6.64283054845955e-05	0.0123231573514934	2.5238717889284e-05	2.3017710715027e-05	0.0320225823933089	1.4133682017999e-05	0.00540633528162775	0.00318068418327913	0.00348607266973946	0.011203971645411	0.00705906748388962	0.0161685284091047	0	0.0138935103785646	0	0	0.00764612006199437	0.00529225627676818	0.00227178747465023	0	0	0	0	0	0.000750094695669521	0.000313162011570236	0	0	2.91759578800123e-05	7.37980111082664e-05	0.00154531621892508	0.000183535956490873	0.000535262728995935	0.000141942549409333	0	0	0.000326589009487335	3.18007845404978e-05	5.40108562830678e-05	0.000872149135382098	0	0.000557876620224734	0.000424212370283086	0	0	0	0	0	0	0.000192419985187901	0.000197669638508872	0	0	0.0093243938467602	0.00194762138208027	0	0.000443494750750499	0	0.000385243789862031	0.000910612941445367	0.000163244027307889	9.48975792637079e-05	0	0	0	0.0145189258078611	2.42291691737126e-06	0	0	0	0.000101459645914922	0	0.000280149768571052	0	0.00122549118583207	0	0	0
SAMEA2467027	0.325782471965837	0.0974948498412677	0.0470719260874189	0.00190946171874924	4.38173265393757e-05	0.00967540665454279	0.000584988357033097	0.0089796307854694	0	0.0187609563602148	0.00198941481581738	0.00279240789625009	0.0021639267854668	0.00419412958179121	0.00299137101601778	0.00748627138244964	0.0218647377522188	0.00164385298626981	0	0	0.0091665847120374	0.00152819688239181	0.0026804302839828	0.0154810401346155	0	0.0133958763459898	0	2.38020045399078e-05	0.000214975377367258	0.00414003411692778	0.000199071310697411	0	0	0.00216544145848298	0.00801619055625176	0.222865958254097	0.001151043301364	0.00139165992907652	6.59964671333807e-05	5.52855650904222e-05	0	0.000486426420051934	0.000527863546137319	0.00012723253335878	0.00160447148784924	0.00174263130511043	0	0.000149844437671692	0.000273073906630579	0.00134773441160742	0	0.00036860649757939	0.000379533781481802	0.00334634545645158	0.000381156645427705	0.000417508797815928	0	0	0.0334061133717606	0.0002393183365558	0.000153955693001313	0.000359734841341788	0	0.000114141430861831	0.00246556309754527	0	4.53319995555517e-05	2.56412503452643e-05	0.000960627265044733	0	0.000259333658555268	0	0	0	0	0	0	0	0	0.000239642909344981	0	0	0.000270693706176588	0	0
SAMEA2467028	0.592695495530219	0.166367227457999	0.015738638409532	0.0293232011206022	3.2660562928131e-05	0.00231555276734877	0.00542642067109342	0	0.00121401949592174	0	0	0.0314435005226197	0.000343037341065029	0.0126895415704558	0.00455969858966212	0.000900802668834571	0	0.00149295287496634	0	0	0.000114717691527069	0	0.0012027607304403	0.00962279585576	0.000303885237679132	0.0116120472847864	0	0	0.000619942113716574	0.00089644116508951	0	0	3.95578246645065e-05	0.000624810769059898	0.000625622211617119	0.0838445336918557	0.00473699878841483	0	0.000190384709987894	0	0	0.000313926839324738	0.000443757648480041	0.000976368256975743	0	0	0	0.000160868486968993	0	0.0011182692741697	0	0.000185718915283876	0.000235622632552945	0	0	0	0	0.000181357411538815	0	4.42236193685253e-05	6.17710646684218e-05	0	5.16280327031637e-05	0	0.000167968609344674	0	1.08530442028262e-05	0	0.000129526518196346	0	0	4.83822624742811e-05	0	0	0	0	0	0	0	0	0	0.000663557151167184	3.8239230509023e-05	0	0
SAMEA2467029	0.389494763267875	0.163962790222837	0.0896864230816535	0.0121390577660307	0.00127230605120092	0.00923783421395964	0.00273201146944416	0.000969352114668718	0.000197749037179231	0.00230687113595568	0.0153752890873882	0.0986608933594105	0.00183118823859466	0.014520486719866	0.00255445936136707	0.00205214867190621	0.00159967717067752	0.000842141605995494	0	0	0.00519674019554647	0.00034957769326552	0.0034458372621887	0.0111707104737054	0.000590936020147894	0.00364418919277396	0	0.000851385971554685	5.63705334642014e-05	0.000124698452814749	7.90795184248244e-05	0	1.5072335150856e-06	0.00618478200580225	0.00229863159273988	0.0340987467051875	0.003322043149483	0.000349879139968537	8.92282240930675e-05	0	7.32515488331601e-05	0.000282757007430058	0.000121784468018916	0.018282642055754	4.29059140627701e-05	0.000136756320935433	0	0.000700361173343108	1.13544924803115e-05	0.00118388168498257	0	0.000202572184427505	0.000610530055844007	0.000460208633272803	9.26446200605948e-05	0	0	6.59163457264102e-05	0.0013316910516953	7.53616757542799e-05	0	0	0	9.24436555919167e-06	5.35570309027083e-05	0	5.89830715570164e-05	3.0144670301712e-07	0.00021764451957836	6.63182746637663e-06	0	0.000123794112705697	0	0	0	0	0.00136625694030793	0	0	0	0	0	0.000702973711435923	0	0
SAMEA2467030	0.8561126	0	0.0959097	0	0	0	0	0	0	0	0	0	0	0	0	0	0	0	0	0	0	0	0	0	0	0	0	0	0	0	0	0	0	0	0	0.0479777	0	0	0	0	0	0	0	0	0	0	0	0	0	0	0	0	0	0	0	0	0	0	0	0	0	0	0	0	0	0	0	0	0	0	0	0	0	0	0	0	0	0	0	0	0	0	0	0	0
SAMEA2467031	0.413828347338643	0.343965171080585	0.0170798208879826	0.000100311396668679	0.000359215111470538	0.00270218840346086	7.81425780049006e-05	0.000313071869002946	0.00487072017664436	0.0006763997477369	0.00173338093443477	0.00553237414907096	0.00108767647407848	0.00379317515362941	8.18540996816417e-05	0.0031046377268956	0.00361602522711253	0.00872167469475493	0	0.00217475107977695	0.013825618868654	0.000181363005176971	0.00156686401596476	0.00839516109859838	9.60983180085941e-05	0.00347288086406632	0	8.02491173349429e-06	0.000351892379513724	0.000422110357181799	7.63369728648644e-05	0.000158291383943175	0.000164009133553289	0	0.000907015648678192	0.00249414256677002	0.000495939545129947	2.79868796705613e-05	4.5240439897574e-05	0	0	0.000643798543819579	0.00040535835393813	0.00186228107915402	0	9.2988664711865e-05	0	0.000564552540451323	0.000126292048405866	0.000410574546564901	0	8.12522313016296e-06	0.000649716916223031	0.00195155822218914	0	0.000432743365228679	3.29021381073266e-05	1.49463981036331e-05	0	0	0	0	0	0	7.0518911858081e-05	0	0	0	0.000205036494790779	0	3.91214447007846e-06	0.000475676643002874	0	0	0	0	0.00201324973114038	0	0	0	0	0	5.42684655977551e-05	0	0
SAMEA2467032	0.478580695369745	0.204784570904379	0.226917454006415	0	0.00558252274265743	1.29005147305377e-05	0	0	0	0	0.000875234921873383	0.0254799166486743	0	0	0	0.00381815234427854	0	0.00106754259494954	0	0	0	0	0	0.000129205155285696	0	3.66014603982699e-05	0	0.00163356517925065	0	0	0	0	0	0	0	0.0501324002827713	0	0	0	0	0	0	0	0	0	0.000336413422895574	4.81019192665787e-05	0	0	0	0	0	0	0	0	0	0	0.00051602058922151	3.30013167525384e-05	0	0	0	0	0	0	0	0	0	0	1.57006264549956e-05	0	0	0	0	0	0	0	0	0	0	0	0	0	0	0
SAMEA2467033	0.400574976589387	0.338407022890793	0.0205221837990166	0.0138757229287332	0.0347338387916312	0.00241865020414216	0.0208328426110262	0	0.0202394266570736	0	0.000118986469812971	0.00579091074791539	0	0.00199274536359667	0	0.00183554573695337	0	0.00558579303572293	0	0	7.27869653911122e-06	0	0	0.0203452710359132	0.00822320850806838	0.0113667966689045	0	0	0.000998091262925625	0	0	0	0	0	0	0.0777253588068842	0.000696429728582461	0	0.000782662063969431	0	0	0	0	0	0	0	0.001899941982723	0	0	0.000860099307704975	0.000317229857496264	0	0	0	0	0	0.000313994881256659	4.13470400624512e-05	0	0.000743235791049245	0.00721844510664857	0	0	0	0	0	0	0.000262134168415491	0	0	0	0	0	0	0	0	0	0	0	0	0	0	0	0	0
SAMEA2467034	0.546884480579838	0.223842989206223	0.040560746994958	0.000203172163369633	0.000451005410940739	0.00715640219708006	0.000401336562149169	0.0243860761660554	0	0.000648352215501484	9.53519257665329e-05	0.0201365280146104	0.000390503438750185	0.00396604735607915	0.00395797361316858	0.00218512274899704	0.000805534704064108	0.0031167713613097	0	0.000333067444880097	0.00487674511653528	0.00193749389998063	0.00133492696073146	0.00432629980873405	0	0.00016689141991077	0	0.000298830686968212	0	0.000279515023549268	0.000158204481336112	0	0.000247015653352315	0.000286260175854297	0.000398270583828702	0.00528135205555961	0	0	0	0	0	0.000342878575505593	0.000675843821108341	0.000869715850239223	2.10530511338754e-05	0	0.00191317047197159	0.000265718121107166	0.000342367579118848	0.00117467849384837	0	0	0.000597354776104378	0.00260076720997506	0.000105367454946726	0	0	0	0.00842755680874581	0.00345617516138543	0	8.81979763521092e-05	0	0.000391729830078372	0	0.000208486525791776	4.73182654125453e-05	0	0	0	0	0	0	0	0	0	0.00189170862372832	0	0.00698521840752064	0	0	0	0	4.85446567407322e-05	0
SAMEA2467035	0.416305547228035	0.166080030130474	0.0557302808254315	0.000290043141454465	0.0450410970495551	0.00692370413608571	0.00539540387911184	0.0323542761349662	0	0.0052104067520633	0.00206535189429696	0.0238529115219094	0.0012004073669921	0.00371290478361714	0.00325694493628954	0.00281685087396106	0.00376537594184951	0.00377035344302571	0	0.0026981167313206	0.00765944102869187	0	0.00153576650873816	0.00399682974654253	3.56720917627229e-05	0.0459363213756818	0	0.000637431244376331	0.000277391992631639	0.000816517588778141	0.000343862372922062	0	0.000325093045570164	0.000805733002896387	0.00113704792493679	0.0482411118161419	0	9.29133552889527e-05	0.000319493356746946	0.00145882263638949	0	0.000317937887629385	0.000864322339657836	0.00224744547899272	3.52572999980401e-05	0.00266441490044013	0	0.000322707992923238	0.000245453026751062	0.000946762202888548	0	0.000330900130275723	3.09019864688704e-05	0.00220648479223029	4.08569888212582e-05	0	3.88867279390148e-05	0.000164361236755569	0	0.00296534632571751	0	1.34807323521918e-05	0	0	0.000840782907012086	0.000347284404980695	2.98650070571634e-05	2.5405995586823e-05	0.00069166526760861	0	0	0.000104009034994218	0	0	0	0	0.00154240317697308	0.000282162097925492	0.000234046253222284	0	0	0	0.00056525747732152	0	0
SAMEA2467036	0.439477272870813	0.21995254467457	0.0691072706333703	0.000257808090763357	0.00846697680255224	0.00265159245158618	0.00879726106340971	0.0113623997978122	0	0.0136652783338598	0.00220772767845264	0.00666822179820211	0.00131140452916011	0.00899491393299495	0.00218950509854326	0.00508202904699945	0.0147756132597017	0.00128034331340549	0	0	0.0404784586844933	0.000965279048267783	0.00694083573514184	0.00667671186384171	0.000102294937218553	0.000419015800529842	0.000302639778835861	0.000167419952917409	0	0.000781603725772122	0	0	0	0	0	0.0153331620824971	0.00561690318229403	0.000662225119888528	0.000277583731460466	0.00105866977030334	0.000258947002007693	0.0006808618493413	0	0.00188479457199042	0	6.398610445452e-05	0	0	0.00179771963049164	0.00234512178947391	0.000162967845325913	0	0.000750956659560896	0	0	0	2.1742851028235e-05	9.10093621610406e-05	0	0	0.000344883032262146	0.000162346621010821	0	3.57203981178146e-05	5.9637534248873e-05	0	3.13718279121676e-05	0	0.000871577714074675	2.26746875008736e-05	0	0	8.39688199233264e-05	0	2.67126455489744e-05	0	0	6.84382120460157e-05	0	0	0.000121242278828872	0.00437455808949502	0	0	0
SAMEA2467037	0.635219372260885	0.158551820849871	0.00842854002581427	0.00458670271249816	0.00132021591495733	0.00360151621312351	0	0.000123210817909812	0.0111166760441567	0	0.000202417772280406	0.0416024526953467	0.000269523664177715	0.00162564273143182	0.00373012750519496	0.00195327149723746	0	0.00556058821964569	0	0	0.0126141075186401	0	0	0.00334309352361137	0	0.0123433837490932	0	0.00739634939947727	0.00110219677287666	0	0.000611153659291286	0	0	0	0.00057905084066381	0.0753302139927886	0.00138512161367768	0	0.000242621302150329	0	0	0	6.92060762934986e-05	0.00293725789124285	0	5.32046713701463e-05	0	0	0	0.000320828168713213	0	0.000119710510582829	0.000255022390965927	0	0.000860075514630184	0.000134911845260014	0	0.000143912635529399	0	0	0	0	0	0	0	0	8.00070246167614e-05	0	0	0	0	0.000287025200812631	0	0	0	0	0	0	0	0.000352430943436834	0	0	0	0	0
SAMEA2467038	0.399525752844031	0.518270542761043	0.00209813411634919	0.000211721183316122	0.00158749414189674	0.00675828118066183	0.000445734263994127	0	0.000137069247964698	0	3.8777533085323e-05	0.0261803300445008	0	0.00852836151443893	1.79372011330505e-05	0.00119142415156002	0	0	7.17488045322019e-05	0	0.0243880614966054	0	0	0.00269327593428971	0	0.00506254173250553	0	0	0.000926824514036638	0	3.24528552291607e-05	0	0	0	0	2.54023946681929e-05	8.8649173229816e-05	0	0	0	0	0	0	4.43764282366798e-05	0	0	0	0	0	0	0	0	0	0	0	0	0	0.000221778457939855	0	0	7.92139980673443e-05	0	0	0	0	3.24528552291607e-05	0	0	0.000491251207909787	0	0	0	0	0	0.000837449558102016	1.29604054429556e-05	0	0	0	0	0	0	0	0	0
SAMEA2467039	0.474372674765164	0.12687046514974	0.0679482436126698	1.90129699286757e-05	0.000109761361534193	0.0237774146471809	0.00654395593101889	0.0169222626461943	0	0.00821144478016896	2.53848841750427e-05	0.00639503812871267	0.0016712914431358	0.0129560543462622	0.000838934451501511	0.00394575651065754	0.00221526792871678	0.00233746480031243	0	0	0.0102340136893383	0.00135269573081745	0.000180674600727631	0.00652381246017554	0	0.0345771926579104	0	0	0.000284475139257158	0.00153676183428912	0.000573266736552178	2.48710201229163e-05	0.000739861462251547	0	0.0019616246325872	0.0403963947298103	0.0022051961932951	0.000295266284351812	0.000255698752338081	0	0	0.00339006392468808	8.32459764444718e-05	0	2.56932026063185e-05	0.00010678095003186	0	0.0015277178269717	0	0.000119422005714168	0	0	0	0	0	0.00126133070234939	0	0.000250354566195967	0.0348253889950875	0.000416024336601509	0.000477276931614972	0.00684209985406261	9.52703952642289e-05	0	0.00438613800332984	0	0	0	0.00191506854946455	0	0	0.000927524614088097	0.000339766911265956	0	0	0	0	0	0	0.000278411543442067	0	0	0	0	0
SAMEA2467040	0.594828484525168	0.202249902671802	0.00951226275059627	0.0355233365812876	0.00204424352147575	0.00357529287304608	0	0	0	0	0.00018120412298108	0.0136295617510522	0	0	0.0152941299300823	0.00152030761131605	0	0.00544485762776999	5.57165031880883e-05	1.64639757168405e-05	0	0	0	0.00587854284177457	0	0.00960090720521804	0	0	0.000820789423541999	0	0	0	0	0	0	0.0519793814805571	0	0	0.000452759332213114	0	0	0	0	0.00721945335183456	3.51365335420376e-05	0	0	0	0	0	0.000219854309877321	0	0	0	0	0	0	9.00499159634508e-05	0.036624515542495	0	0.0010353230583401	0	0	0	0	0	0.000185219726814456	3.0117028750318e-05	0	0	0	0	0.000815067188079439	0	6.22418594173238e-05	0	0	0.000243747152685907	0	0	3.32291217211842e-05	0	0	0	0
SAMEA2467041	0.590453600108455	0.147564805338855	0.0477041151817309	0.000217497352768234	0.00200391616911824	0.00804131821038919	0.00266512840100712	7.6757807014244e-05	0.0428773977055195	0.000163959542856054	2.4740957610932e-05	0.0895529379937862	0	0.00176664632973471	0	0.00189045251515662	0.000964491757357317	0.00331528831986489	0	0.00656852145096793	0.00552909703920702	0	0	0.0113871271377987	0.000249133331352705	0.0039178928734787	0	0	0.000902943555431761	0	0	0	0	0	0	0.000815843216957209	0	0	1.76431419028777e-05	3.9646370597846e-05	0	0	0	0	0	0	0	0	0	0	0.000214455431750497	0	0	0	0	0	0.000106467235620814	0.000729351262686205	0	0.00030246834653037	0.00376184232526876	0.000417047371531817	0	1.2370478805466e-05	0	0	0	9.02436568595471e-06	3.11289917481808e-05	0	0	0	0.000301352975490533	4.4614841593484e-05	0	0	0	0.000834398935165408	0	0.000497962470603636	0.000388250519230568	0.000541766133259056	0	0.000153008627192198	3.41709127659184e-05
SAMEA2467042	0.402042869652014	0.113371618122502	0.100465613120239	0.0165496762905494	0.00677764109500868	0.0297174750826223	0	0.000371044708334763	0.010199032710746	8.12745150892876e-05	0.000112518235714064	0.0394244702453592	0.00033459370093919	0.000322443365140666	0.00215418306451481	0.000697470116300155	0.000365020592266587	0.000658160206363754	0.0161780189602417	0	0	6.39168925199674e-05	0	0.0105205571429272	0	0.00595928024269632	0	1.93996958127697e-05	0.000560140690678181	0.00110670159428742	0	0	0	0	0	0.0572450308189694	0.000214621897886536	0.00110414900273311	0.000232387935104546	0	5.75864654652741e-05	0	1.82765555288725e-05	0.00355249271796681	0.000313560346531661	0.000323260194438046	0	0.000354299707738477	0.000526548585823437	0.000562284867583803	8.75028384818084e-05	2.61385375161528e-05	0.000454259193005327	0	0	0	0.000175311987950134	0.00125322034950492	0.00345335006199734	5.12560384105809e-05	6.02411606817584e-05	0.000187564427410831	1.72555189071477e-05	7.82114052241135e-05	0	0.000512151969457119	1.35797870689388e-05	2.87932327326371e-05	0.020106763673314	0	0	0	2.52196045566006e-05	0	0	0.00112048558868071	0.0018649233895802	8.06618931162528e-06	0	0	0	0	6.94304902772809e-06	0.000152032352974811	0
SAMEA2467081	0.550209500310135	0.342399357640058	0.0054645537834501	0.000130012881909079	0.000169237447361586	0.00303333295546668	0	0.0010831397268305	0	0	0	0.0078102028612264	0.000253304418842919	0.00211581920705585	0.00363113138393597	0.00125177526270176	0	0.0145129888988461	0	0	0.0139962478844065	0	0	0.00634745762116754	0	0.0151573351492334	0	0.00283540439373318	0.000297444594799705	0	0	0	0	0	0	0	0.00807243563384239	0	8.42676086447732e-05	0	0	0	0	0.00300213387655177	0	0	0.00118345830855046	0	0	0.00196504037873074	0	0	0.000139743784335916	0	0	0	0.000891330598581917	5.92882817965012e-05	0.00982560316798056	0	0	0	0	0	0	0	0.000263536914178356	0	0	0	0	0	0	0	0	0	0	0	0	0	0	0	0	0	0
SAMEA2467082	0.276136122227058	0.653159820165327	0.00120049220480595	0.000117477523417703	4.10270737659782e-06	0.00113554934901542	3.2721592979207e-05	2.10138670508669e-05	0	0	0	0.00354453904131336	0	0.000111873825537472	0.0011155361423003	0.00326615533590616	0	0.00822282624303778	0	0	0.0155499614195408	0	0	0.0164989876819713	0	0.000946524611591189	0	0	5.27347996943183e-05	0	0	0	0	0	0	0.0168081917257198	0	0	0	0	0	0	0	0.000522144563197254	0	0	0.000440190481698873	0.000334220552142359	0	0	0	0	0	0	0.000351832174051657	0	0.000180018794402426	0.000104068674918579	0	0	0	0	1.62106974392402e-05	0	0	0	0	0	0	6.50429218241117e-06	0	0	0	0	0	0	0	0	0	0	0	0	0	0	0
SAMEA2467083	0.44981651901592	0.258953577744708	0.00451163554541016	0.000788012090516653	0.000110117069000052	0.0104855920147827	0.045936326808897	0.0577732788696842	0	0	2.02514149885152e-05	0.00142361118802078	0.00330488325955806	0.00969568135411086	0.00204518196160057	0.00554899318297291	0	0.011118765161533	0.000260947920216597	0.000773561862113389	0.00868838441067169	0.00076449091581645	0	0.00575625375824599	2.07787955871745e-05	0.0468990073536896	0	0	0	0	0	0	0	0	0	0.0254271281837571	0	0.0021926375769857	0.00041789638637759	0.000129946579509639	0	0	0	0	0.000354505238418748	0.000108851355563269	0	0	0	0.00293624422109525	0.000183422972213687	0	3.47016433917787e-05	0	1.41338000440679e-05	0	0	8.95492256523408e-05	0	0.00023489531864283	0.000448800889459022	0	2.38376030593981e-05	0	0	0	0	4.98902046331651e-05	0.000851825142954422	6.01213882471546e-06	0	0	0.00293529493601766	0.000244388169418697	0	0	0	0.00127573366815673	0.000285418379994387	0	4.45109225268408e-05	0.00190215634324419	0	0	0
SAMEA2467084	0.530969955036655	0.267184666018041	0.00280640537478129	0.019706997545634	3.56343515148603e-05	0.00579568704230878	1.15110966972161e-05	3.53340620358025e-05	0.0221351382732955	0	0	0.00146140879808135	0	0.00123068638167193	0.00128694061074876	0.00184668019971252	0	0.0214491770066344	0.000746719837923758	0	0	0	0	0.00805436440728863	0	0.0123825367654419	0	1.40135090226979e-05	7.90762294852238e-06	0	0	0	0	0	0	0.0926039702272991	0	0	5.4752781681541e-05	0	0	0	0	0.00115461304697729	0	0	0	0	0	0.000940706841395105	0	0	0	0	0	0	0	0.000294684075448733	0	0	0	0	6.1058860741755e-06	0	0	0	0	2.06198775619697e-05	0	0	0	0	0	0	6.60636853927186e-06	0	0	0	0.000197190091247963	0.00647594280886775	0	0	0	0	0
SAMEA2467085	0.53104240460428	0.354956313092258	0.000695206677587768	0.0334499018252053	0.000785398357430328	0.000994510920350536	0	0	0	0	0	0.00094215770330541	0	0.000349955729999544	0.0172785636599603	0.000297802716461283	0	0	0	3.56362242219216e-05	2.8328796221359e-05	0	0	0.00204858238399333	0	0.0309711822067131	0	0.000179482443904229	8.07821150199177e-05	3.63369364959481e-05	0	0	0	0	0	0.0231892718948811	0	0	4.60468065788874e-06	0	0	0	0.000181984987740038	0.000203506864727996	0	0	0.00183636666671672	9.3495037705828e-05	0	0	0	0	0.00020791134187902	0	0	0	0	3.52358172081921e-05	5.80590169907711e-06	0	0	0	5.90600345250948e-06	0	0	0	0	0	0	6.70681747996839e-06	0	0	0	0	0	0	0	0	0	0	0	0	0	0	0
SRR5665043	0.6343348	0.0846305	0.0539454	0.0132483	0	0.007206	0.1382661	0	0.0344109	0	0	0.003694	0.0001155	0	0.0027337	0.0002419	0	0	0	0	0	0	0	0.0016432	0	0.006971	0	0	0	0	0	0	0	0	0	0	0	9.01e-05	0	0	0	0	0	0.0010013	0	0	0.0013757	0	0	0	0	0	0	0	0	0	0	0	0	0	0.0005255	0	0	0	0	0	0	0	0	0	0	0	0	0	0	0	0	0	0.0009606	0	0	0	0	0	0
SRR5665045	0.775343843631977	0	0.00178437467421743	0.00137338165238623	0	0.0085666608349187	0	0	0	0	0	0.0751932964073862	0	0	0	0	0	0	0	0	0	0	0	0.111816439941191	0	0.00153892050840157	0	0	0	0	0	0	0	0	0	0.0215684210747688	0	0	0	0	0	0	0	0	0	0	0	0	0	0	0	0	0.000255068037671556	0	0	0	0	0.000750282582738634	0	0	0	0	0	0	0	0	0	0	0	0	0	0	0	0	0	0	0	0	0	0	0	0	0	0	0
SRR5665046	0.600700690900469	0.0376100586035844	0.0786301675903907	0.0110998895051272	0	0.0120432311064918	0.0240689614411996	0.0329577534369266	0	0	0	0.00401007684438884	0	0.00181057984657123	0.0131648805712332	0.000854337676291525	0.000377716657304587	0.000849637469012383	0	0.0004174184081518	0	0	0.0014936658706649	0.0043536919978171	0	0.031969209842154	0	0	0	0.00565634944501052	0	0	0	0	0	0	0.00579925574717845	0	0	0	0	0	0.00335774807669018	0.00568335063576304	0	0	0	0.000563024829394976	0	0.00103204551320713	0	0	0.00163987231836924	0	0	0	0	0.000223609861194879	0	0	0.000547724154635219	0	0	0	0	0	0	0	0	0	0	0	0	0	0	0	0	0	0	0	0	0	0	0	0
SRR5665047	0.491990595366045	0.0683651334489555	0.0397942751366946	0	0	0.0192843740333892	0	0	0	0.000198086256083505	0	0.0121718237295099	0	0.00028654806766105	0.00304350756498934	0.000241213896648521	0	0	0	0	0.0010639488630551	0	0	0.0622895521585685	0	0	0	0	0	0	0	0	0	0	0	0.299523770551324	0	0.000144327150635019	0	0	0	0	0	0	0	0	0	0	0	0	0	0	0	0	0	0	0	0	0	0	5.71691979582773e-05	1.21359174613185e-05	0.000165690377240481	0	0	0	0	0	0.000904476889803061	0	0	0	0	0	0	0	0	0	7.96356897874951e-05	0	0	0	0	0	0
SRR5665048	0.590530959053096	0.0482509048250905	0.00402840040284004	0.000584400058440006	0	0.0234810023481002	0.0256860025686003	0	0	0	0	0.200885520088552	0	0	0.000172000017200002	0	0	0	0	0	0	0	0	0.0233598023359802	0	0.0198856019885602	0	0	0	0	0	0	0	0	0	0.0608310060831006	0.000158500015850002	0	0	0	0	0	0	0.00175720017572002	0	0	0	0	0	0	0	0	0.000291600029160003	0	0	0	0	9.7100009710001e-05	0	0	0	0	0	0	0	0	0	0	0	0	0	0	0	0	0	0	0	0	0	0	0	0	0	0	0
SRR5665049	0.955713434133865	0.00403976341881	0.00985029548579855	0	0	0.00885424438913947	0	0	0	0	0	0.0113642289690009	0	0	0.000732797559734985	0	0	0	0	0	0	0	0	0.00877050469263219	0	0	0	0	0	0	0	0	0	0	0	0	0	0	0	0	0	0	0	0	0	0	0	0	0	0	0	0	0	0	0	0	0	0.000485188804433811	0	0	0	0	0	0	0	0	0	0	0	0	0	0	0	0	0	0	0	0	0	0	0	0	0	0	0
SRR5665050	0.7060543	0.1684587	0.0032386	0	0.0226292	0.0096433	0	0	0	0	0	0.0223505	0	0	0	0.0019198	0	0	0	0	0.0006411	0	0	0.0066868	0	0	0	0	0	0	0	0	0	0	0	0.0044096	0	0	0	0	0	0	0	0	0	0	0	0	0	0	0	0	0	0	0	0	0	0	0.0539569	0	0	0	0	0	0	0	0	0	0	0	1.12e-05	0	0	0	0	0	0	0	0	0	0	0	0	0	0
SRR5665072	0.518267534399541	0.024059568258386	0.0271066900924014	7.29437018482921e-05	0.00186968891334754	0.0144341402460188	0.0750072994357197	0.00328743080732671	0.0683673963535849	0.0246212347626179	0.017848412046004	0.0260634938452738	0	0.00619808713246759	0	0.0141241295131636	0.0013344645010357	0.0262270093102504	0	0	0	0	0.000853036068836971	0.0350213856750322	0	0.0193857005624567	0	0	0	0.00812045760826112	0	3.02918984064435e-05	0	0	0	0.00900652096432384	0.000320243113253405	0.00129697954314144	0	0.00070329885865395	0	0	0	0.00236286938639961	0	0	0	0	0	0.00175834845733189	0	0	0.0004327992976332	0.0167254842803283	0	0	0	0	0	0	0.00016027352267222	0	0	0	0.00397249374051859	0.000228354311063959	0	0	0.00537848359364441	0	0	0	0	0	0	0	0.00137367174077916	0	0	0.000209510521419817	0	0	0	0	0
SRR5665073	0.645340966678541	0.0133754471879218	0.0266723197575526	0	0.00380951425231183	0.0192970431658647	0.164380008128409	0	0	0	0	0.00184083371382984	0	0	0	0.0109828851837171	0	0	0	0	8.26889980481784e-05	0	0	0.0905734542225077	0	0	0	0	0	0	0	0	0	0	0	2.55894350755892e-05	0.0102211228242708	0.000241544196968405	0	0	0	0	0	0	0	0	0	0	0	0.00208880035724858	0	0	0.00108950782986538	0	7.80728646619937e-05	0	0	0.00178644362045349	0	0	0	0	0.000223380715601026	0	0	0	0	0	0	0	0	0	0	0	0	0	0	0	0	0	0	0	0	0.00154339416259828	0.0051249115659229
SRR5665074	0.520676331197225	0.0537015265220807	0.0122034454623414	0.000127127644846187	0	0.0473492875495954	0.00195380436045801	0.0193847426210891	0	0.000994384757779393	0	0.00174472081738427	0.000797124692008522	0.00378290640474734	0.000333482693157723	0.00350348833002579	0.00201474074348046	0	0	0	0.00655384441880333	0	0.0114037943862938	0.121122227874585	0.000500830371905963	0.00665914410555192	0	0	0	0	0	0	0	0	0	0.179616709140235	0	6.51807082081005e-05	0	0	0	0	0	0	0	0	0	0	0	0.00110008866597424	0	0	0	0.00112767677968092	0.000456669178902955	0	0	0	0	0	0	0	0	0	0	0	0	0	5.50751720518058e-05	0	6.09363830224567e-05	0	0	0	0	0	0	0	0	0	0	0	0	0	0
SRR5665075	0.848837688151529	0.00032752579607133	0.0349836404052092	0	0	0.00612585550557507	0	0	0	0	0	0.00126406542178533	0	0	0.00232293395928501	0	0	0	0	0	0	0	0	0.0827564700510189	0	0	0	0	0	0	0	0	0	0	0	0	0	0	0	0	0	0	0.00135725394763695	0	0	0	0	0	0	0	0	0	0	0	0	0	0	0.0021486987350543	0	0	0.00107080800118099	0	0	0	0	0	0	0	0	0	0	0	0	0	0	0	0	0.000138113287499958	0	0	0	0	0	0	0.00453547847046566
SRR5665076	0.6812657	0.0676352	0.08801	0	0	0.0251204	0	0	0	0	0	0.0063972	0	0	0	0.0142443	0	0	0	0	0	0	0	0.0507606	0	0.005227	0	0	0	0	0	0	0	0	0	0	0.0016766	0	0	0	0	0	0	0	0	0	0	0	0	0	0	0	0	0	0	0	0	0.004314	0	0	0	0	0	0	0	0	0	0	0	0	0	0	0	0	0	0	0	0	0	0.0153699	0	0	0	0	0.0141546
SRR5665077	0.633870692986419	0.0631735357950271	0.00976754726917412	0	0.00043315734013253	0.0195097684015238	0	0	0	0	0	0.0121247875041645	0	0	0	0	0	0	0	0	0.00063616843689998	0	0	0.0976785882085728	0	0.0547983230479403	0	0	0	0	0	0	0	0	0	0	0	0	0	0	0	0	0	0.00789984517891358	0	0	0	0	0	0	0	0	0	0	0	0	0	0.000759985105819534	0.00306798007476235	0	0	0	0	0	0	0	0	0	0	0	0	0	0	0	0	0	0	0	0	0.0840314184797383	0	0	0	0	0
SRR5665078	0.310318168968183	0.0105195989480401	0.00911379908862009	0.00145489985451001	0	0.000363099963690004	0.189233281076672	0.0551866944813306	0.00122209987779001	0	0	0.00308729969127003	0	0	0	0	0	0	0	0	0	0	0.000427699957230004	0.0277823972217603	0	0.00104019989598001	0	0	0	0	0	0	0	0	0	0.0713084928691507	0	0	0	0	0	0	0	0.0096421990357801	0	0	0	0	0	0.00420959957904004	0	0	0	0	0	0	0	0	0	0	0	0	0	0	0	0	0	0	0	0	0	0	0	0	0	0	0	0	0	0.282740471725953	0	0	0	0	0
SRR5665079	0.484704445243865	0.0400990319253852	0.0838476944790416	0	0.000128837728679419	0.00340785857804617	0.0666501727532764	0.0304779738817741	0	0.0363057673605316	0.000960445005514859	0.00943384071912389	0	0.000290891434284001	0	0.000588728027379628	0	0.0691685477310569	0	0	0.00471193796302317	0	0.00117987176217199	0.0322336898984578	0	0.0403341607802252	0.00449673869433833	0	0	0	0	0	0	0	0	0.0261019199035972	0.000113336939447677	0	0	0.00448214379538636	0.00192340637291799	0	0.00398048188934087	0.00030840531302636	0.000368898652820369	0	0	0	0	0.00122114009713962	0	0.000272371010786335	0	0.00721289971653687	0	0.000696528970673111	0	0	0	0	1.02667565041412e-05	0.000114947411056169	0	0	0.000150277131967479	0	0	0	0.00355038531539778	0	0	0	0	0	0	0	0	0	0	0	0	0	0	0	0
SRR5665114	0.767670768476014	0.0341987691022831	0.0444193391669471	0	0	0.00139754439018563	0.0502964889105532	0	0	0	0	0.00557060666629283	0	0	0	0	0	0.000478523579835002	0	0	0	0	0	0.0135501572110684	0	0.0122379946505546	0	0	0	0	0	0	0	0	0	0	0	0.00692028855813514	0	0	0	0	0.000324390110593806	0.00926869448850149	0	0	0	0	0	0.00427051113396298	0	0	0	0.00612011276485733	0	0	0	0	0.0304783724884737	0	0	0	0	0	0	0	0	0	0	0	0	0	0	0	0	0	0	0	0	0.000902187813051921	0	0	0	0	0
SRR5665115	0.798515680593728	0.00651149739540104	0.0120700951719619	0.00854279658288137	0	0.00519809792076083	0	0	0.0304692878122849	0	0	0.0044006982397207	0	0	0.00146959941216024	0.00580489767804093	0	0	0	0	0	0	0	0.0988088604764558	0	0.00822749670900132	0	0	0	0	0	0	0	0	0	0	0	0	0	0	0	0	0	0	0	0	0.00119439952224019	0	0	0	0	0	0.00215289913884034	0.00209499916200033	0	0	0	0	0	0	0	0	0	0	0	0	0	0	0	0	0	0	0	0	0	0	0	0	0	0	0	0	0	0	0
SRR5665118	0.8288748	0	0.0030203	0	0	0.0159435	0.0043101	0	0	0	0	0.0024972	0	0	0	0.0019398	0	0	0	0	0	0	0	0.0467109	0	0	0	0	0	0	0	0	0	0	0	0.0966786	0	0	0	0	0	0	0	0	0	0	0	0	0	0	0	0	0	0	0	0	0	2.48e-05	0	0	0	0	0	0	0	0	0	0	0	0	0	0	0	0	0	0	0	0	0	0	0	0	0	0	0
SRR5665119	0.508335550833555	0.190906919090692	0.0188169018816902	0	0.0107593010759301	0.00353910035391004	0.0098973009897301	0.0167774016777402	0.0152679015267902	0	0	0.00653420065342007	0	0.0112690011269001	0	9.5200009520001e-05	0	0	0	0	0.00357460035746004	0	0.0274502027450203	0.0249094024909403	0	0.00646390064639007	0	0	0	0.00221300022130002	0	0	0	0	0	0.00463180046318005	0.0336191033619103	0	0	0	0	0	0	0	0	0	0	0	0	0	0	0	0	0.00299370029937003	0	0	0	0	0.0730790073079007	0	0	0	0	0	0	0	0	0	0	0	0	0	0	0	0	0	0	0	0	0	0	0	0	0	0
SRR5665120	0.603748637046065	0.00154822434183722	0.0086823146547547	0	0	0.0149777031137504	0.0190663873361601	0.000849965726370095	0	0	0	0.0020684934773553	0	0	0	0.000925971496314126	0	0	0	0	0.00452401767108782	0	0	0.213971971223343	0	0.0754839786635872	0	0	0	0	0	0	0	0	0	0.0064784517553629	0	0	0	0	0.000410268795572385	0	0	0	0.00190745054424292	0	0	0	0	0.000397482778198623	0	0	0	0.0070742192791832	0	0	0	0	0	0	0.00591048874551411	0	0	0	0	0	0	0	0.00032523163240403	0	0	0	0	0	0	0	0	0	0	0.000938858990016252	0	0	0	0	0
SRR5665122	0.743469098761259	0.00315101567768713	0.0273115057275539	0.000273923010013408	0.00170050523577402	0.00851994672117361	0.00957459035694891	0.000522816505222959	0	0	0	0.0614417521140929	0	0.000874130775009892	0.00130844291588641	0.000621432793550154	0	0	0	0	0	0	0.00118379593216321	0.0557327200234516	0	0.0501783703342982	0	0	0	0	0	0	0	0	0	0.00614404505793231	0	4.00472236861707e-06	0	0	0	0	0	0.0103571131077767	0	0	0.000148775435994124	0	0	0.00379978070140309	0	0	0.00116857798716246	0.00693868209392516	0.0035596975954045	0	0	0.000617327953122322	0	0	5.02592657261443e-05	0	5.79683562857321e-05	0	0	0	0	0	7.34866554641233e-05	7.93936209578335e-05	0	0	0	0	0	0	0	0	0	0	0	0	0	0	0.00113684056239117
SRR5665123	0.499376821078023	0.0252031201433261	0.0473286654375883	0.0296582751472668	0.140299113685277	0.026194961591809	0.00315431601463103	0	0	0	0	0.00194251710616485	0	1.35186424111729e-05	0	0.0062466292332409	0	0	0	0	0	0	0	0.00626014787565207	0	0.149015588722647	0.00380209276716039	0	0	0.00940928004996002	0	0	0	0	0	0	0	0.00625110156606865	0	0	0.00435910149207188	0	0	0	0	0	0	0	0	0	0	0	0	0	0	0	0	0	0	0	0	0	0	0	0	0	0	0	8.89384369156109e-05	0	0	0	0	0	0	0	0	0	0	0	0	0	0	0	0.0113779196455961
SRR5665134	0.7341005	0.0094098	0.002362	0	0	0.0209113	0.1015352	0	0	0	0	0.0026305	0	0	0	0	0	0	0	0	0	0	0	0.0978413	0	0	0	0	0	0	0	0	0	0	0	0.0006517	0	0	0	0	0	0	0	0	0	0	0	0	0	0	0	0	0	0	0	0	0	0.0015557	0	0	0	0	0	0	0	0	0	0	0	0	0	0	0.0009294	0	0	0	0	0	0	0.0268031	0.0005063	0	0	0	0.0004914
SRR5665135	0.43567269054494	0.164716999321952	0.00395075808123941	0	0	0.002350092386912	0.214539758807941	0.00384694356344484	0	0	0	0.0023997471610934	0	0	0	0.000534689816336401	0	0	0	0	0.0117823971623097	0	4.97548846132168e-05	0.0491723420104717	0	0.0868084584104726	0	0	0	0	0	0	0	0	0	0.0113855594105858	0.00448404635153037	0.000630695720449228	0	0	0	0	0	0	0	0	0	1.40154604544273e-05	0	0	0	0	0	0	0	0	0	0	0	0	0.00294064382420248	0	0	0	0	0	0	0	0	0	0	0	0	0	0	0	0	0	0	0.0019810853352333	0	0	0	0	0
SRR5665136	0.391763370829976	0	0.148628506732122	0.000736378280078998	0.109197429884406	0.0158104276578268	0.217944310552927	0.00790486293388546	0	0	9.97544436594421e-05	0.00355125819427614	0	0	0	0	0	0	0	0	0	0	0	0.0343094130197896	0	0.0337873814739255	0	0.00177201989113632	0	0	0	0	0	0	0	0.011121567782944	0	0	0	0	0	0	0	0	0	0	0	0	0	0	0	0	0	0.015590967881776	0	0	0	0.000910321958218829	0.00654649815283845	0	0	0	0	0	0	0	0	0	0	0	0	0	0	0	0	0	0.000325530330213275	0	0	0	0	0	0	0	0
SRR5665139	0.718785671878567	0	0.0122511012251101	0.0196423019642302	0.00149040014904001	0.0230285023028502	0.00805590080559008	0	0	0	0	0.00875370087537009	0	0	0	0.00338060033806003	0	0	0	0	0	0	0	0	0	0	0	0	0	0	0	0	0	0	0	0.201814520181452	0	0	0	0	0	0	0	0	0.000312800031280003	0	0	0	0	0	0	0	0	0	0	0	0	0.00172220017222002	0	0	0	0	0	0	0	0	0	0	0	0	0	0	0	0	0	0	0	0	0	0	0	0	0	0	0
SRR5665140	0.687289406581469	0	0.249969873913022	0	0	0.0343777378778963	0	0	0	0	0.000228938143448456	0.0197782036000422	0	0	0	0	0	0	0	0	0	0	0	0	0	0	0	0	0	0	0	0	0	0	0	0	0	0	0	0	0	0	0	0	0	0	0	0	0	0	0	0	0	0	0	0	0	0.00399696224431804	0.00326588912191761	0	0	0	0	0	0	0	0	0	0	0	0	0	0	0	0	0	0	0	0	0.000400038223415866	0	0	0	0	0
SRR5665141	0.84838190570307	0.00874441926321199	0.0324351284905812	0	0.00169479858648888	0.0293322894349272	0.00517517243811631	0	0.0683456210823125	0	0	0.00359048816711967	0	0	0	0	0	0	0	0	0.00128019163698306	0	0	0.000795949155842015	0	0	0	0	0	0	0	0	0	0	0	0	0	0	0	0	0	0	0	0	0	0	0	0	0	0	0	0	0	0	0	0	0	0.000224036041347274	0	0	0	0	0	0	0	0	0	0	0	0	0	0	0	0	0	0	0	0	0	0	0	0	0	0	0
SRR5665142	0.589322185599661	0.00304431681064134	0.0287437734572571	0.0253158976884911	0.00263620041725498	0.000299318903558825	0.00496080321332028	0.0231439737009997	0.0298457380420135	0	0.005318093767333	0.00716865754666592	0	0	0.00874083662954837	0.00692680706742858	0	0	0	0	0	0	0	0.058630474106449	0	0.130176347546486	0	0	0	0	0	0	0	0	0	0.0348769929138715	0.00388238961156075	0	0	0	0	0	0	0	0	0	0	0	0	0	0	0	0	0	0	0	0	0	0	0	0	0	0	0	0	0	0	0	0	0	0	0	0	0	0	0	0	0	0	0.0369671929774592	0	0	0	0	0
SRR5665143	0.644740963708409	0.018343647135687	0.00622126596728266	0	0.0111526798223782	0.0121311844787164	0.0182393446236345	0.0037020705720157	0	0	0	0.00162070057189201	0	0.00157880127217863	0.0127578910254932	0.0112635569585878	0	0	0	0	0.0139148020085365	0	0	0.00289963212191983	0.0157897956707103	0.0230760393171439	0.000624143557698512	0	0	0.00116014257796808	0	0	0	0	0	0	0.0127272465908624	0.00330803885981754	0	0	0	0	0	0	0	0	0	0	0	0	0	0	0	0	0	0	0	0	0.183877751215553	0	0	0	0	0	0	0	0	0	0.000870301943514618	0	0	0	0	0	0	0	0	0	0	0	0	0	0	0	0
SRR5665156	0.365400612740699	0.160698281866553	0.0265602751410662	0	0	0.00328079417179404	0.024626971550865	0	0	0	0	0.00603610623184983	0	0	0	0	0	0	0	0	0	0	0	0.146981046948197	0	0.00913490219808584	0.000856698735554898	0	0	0.00172667026842121	0	0	0	0	0.00233731949624103	0.246667396670519	0	0	0	0	4.63542390951653e-05	0	0	0	0	0	0	0	0	0	0	0	0	0	0	0	0	0	0	0	0	0	0	0	0	0.0027309785983182	0	0	0	0	0	0	0	0	0	0	0	0	0	0	0	0	0	0	0
SRR5665157	0.68432885928389	0.0225484503692115	0.00837373176571069	0	0	0.00724346364766714	0.123226974508069	0	0	0	0	0.0163159818357911	0	0	0.00184499797074441	0.0015091768568395	0	0	0	0	0.0363014753323852	0	0	0.0430305110838122	0	0.00755173693582204	0	0	0	0	0	0	0	0	0	0.0412743119653022	0	0	0	0	0	0	0	0	0	0	0	0	0	0	0	0	0	0	0	0	0	0	0	0	0	0	0	0	0	0	0	0	0	0	0	0	0	0	0	0	0	9.0413376820553e-05	0	0	0	0	0	0	0
SRR5665158	0.572141071629191	0.05635141316385	0.00396604715361035	0.0257284494519075	0.0222116896977868	0.0121443016033511	0	0	0	0	0	0.0155834216059191	0	0	0	0.0140854960116841	0	0.000385289774824659	0	0	0.0434845803842265	0	0	0.0841223698781838	0	0.02503380438795	0	0	0	0	0	0	0	0	0	0.102152547065338	0	0	0	0	0	0	0	0	0	0	0	0	0	0.00274407369958432	0	0	0	0	0	0	0	0.00150916028696615	0	0	0	0	0	0	0	0	0	0	0	0	0	0	0	0	0	0	0	0	0	0	0	0	0	0	0.0175710594315245
SRR5665159	0.359611441635818	0.00445843753083031	0	0.0279707546400951	0	0.00290373223638212	0.0530049628749501	0.0122092300037318	0	0	0	0.00128597226452081	0	0	0	0	0	0	0	0	0	0	0	0.0896772629980569	0	0.0141821550973487	0	0	0	0	0	0	0	0	0	0.0449197017985596	0	0	0	0	0	0	0	0.00316056208741008	0	0	0	0	0	0	0	0	0	0	0	0	0	0	0.095871956110513	0	0	0	0	0	0	0	0	0	0	0	0	0	0	0	0	0	0	0	0	0	0	0	0	0	0
SRR5665161	0.342326282248638	0.00497595822914398	0.0244395551584054	0	0.00735255173173338	0	0.475458470688063	0	0.0464424436751745	0.0173829637583758	0	0.00762808719616133	0	0	0	0	0	0	0	0	0.000386270284070856	0	0.00859346254064323	0.0132370160670616	0	0.0232736356514056	0	0	0	0.00201675539969913	0	0	0	0	0	0	0	0.00115280353830789	0	0	0	0	0	0	0	0	0	0	0.000999516911840165	0	0	0	0	0	0	0	0	0	0	0	0	0.00134683977742902	0	0	0	0	0	0	0	0	0	0	0	0	0	0	0	0	0	0.00473736774522982	0	0	0	0	0
SRR5665162	0.236225523622552	0.665578666557867	0.00213760021376002	0.0529705052970505	0	0.00170190017019002	0	0	0	0	0	0.000267500026750003	0.000156800015680002	0.000417200041720004	0.0157428015742802	0.000489400048940005	0	0.0106993010699301	0	0	0	0	0	0.000920200092020009	0	0.00811670081167008	0	0	0	0	0	0	0	0	0	0.000395700039570004	0	0	0.000385500038550004	0	0	0	0	0	0	0	0.000829600082960008	0	0	0	0	0	0	0	0	0	0.000296700029670003	0	0	0	0	0	0	0	0	0	0	0	0	0	0	0	0	0	0	0	0	0	0	0	0	0	0	0	0.00266840026684003
SRR5665163	0.717919124274795	0.0216411508416699	0.00218101393293041	0	0.00257892869918656	0.0284392790586279	0.117471755819453	0	0	0	0	0.0044301845512649	0	0	0	0.00105863369299683	0	0	0	0	0.000726871003750522	0	0	0.0118948450593068	0.00116928807635874	0.0113985040208936	0	0	0.000514482744381058	0	0	0	0	0	0	0	0.0524105866977595	0.00013410830157449	0	0	0	0	0	0	0	0	0.00217530079900684	0.000114864060989809	0	0	0	0	0.00094156456277336	0	0	0	0	0.00161130422728811	0	0	0.00227092061941197	0	0	0	0	0	0	0	0	0	0	0	0	0	0	0	0	9.82258113176381e-06	0	0.00292873286398101	0	0	0	0	0.0135443370765052
SRR5665164	0.427061014587797	0.0181212963757407	0.0523592895281421	0	0	0.025540994891801	0	0.0592126881574624	0.190245361950928	0	0	0.00525319894936021	0	0.000185299962940007	0.049114290177142	0.00025739994852001	0	0	0	0	0.00784679843064031	0	0	0.0680743863851227	0	0.0384335923132815	0	0	0	1.71999965600007e-05	0	0	0	0	0	0.0114584977083005	0	0.00127089974582005	0	0	0	0	0.00193689961262008	0.00131789973642005	0	0	0.000841499831700034	0	0	0.0100832979833404	0	0.00212039957592008	0.00050199989960002	0	0.00235159952968009	0	0	0	0	0	0	0	0	0	0	0	0	0	0.00193759961248008	0	0	0	0	0	0	0	0.00359119928176014	0	0	0.0100177979964404	0	0	0	0	0
SRR5665178	0.855192685519269	0.0118879011887901	0.00537110053711005	0.00115820011582001	6.50000065000006e-05	0.0101600010160001	0	0	0	0	0	0.00103640010364001	0	0	0	0	0	0	0	0	0.00484120048412005	0	0	0	0	0.0611437061143706	0	0	0	0	0	0	0	0	0	0.0376535037653504	0	0	0	0	0	0	0	0	0	0	0	0	0	0	0	0	0	0	0	0	0	0.00096500009650001	0	0	0.000377600037760004	0	0	0	0	0	0	0	0	0	0	0	0	0	0	0	0	0	0	0	0	0	0	0	0.00500330050033005
SRR5665179	0.837300939254802	0.0584933901347094	0.00795257933803442	0	0.000315715059608343	0.00353646868955649	0	0	0	0	0	0.00952795448342886	0	0	0.0234624191573938	0.000563526880232187	0	0	0	0	0.018446879916172	0	0	0.0232870107904147	0.000688132823935702	0.00895432712140369	0	0	0	0	0	0	0	0	0	0	0	0	0	0	0	0	0	0	0	0	0	0	0	0	0	0	0.000742935438020394	0.00252002020496378	0	0	0	0.000214410227367845	0	0	0.00152147257424179	0	0	0	0	0	0	0	0	0	0	0	0	0	0	0	0.00156737476377623	0	0	0	0.00052562507231595	0	0	0	0.000378818069621921
SRR5665180	0.692647506187272	0.00782036691761682	0.0102882502597706	0	0	0.00317335131612583	0.00208087459160089	0.000768397042072849	0	0	0	0.0133000133786998	0	0	4.48633069235324e-05	0	0	0	0	0	0	0	0.000958589361133462	0.1241478104448	0	0	0	0	0	0.00224125840471902	0	0	0	0	0	0.10304629883238	0	0	0	0	0	0	0.00024258302647467	0	0	0	0	0	0	0.00312758472114343	0	0	0	0.0111338282482063	0	0	0	0.000327993930707167	0.00215544603912703	0	0	0	0	0	0	0	0	0	0.00103566994215644	0	0	0	0	0	0	0.000307619766712811	0	0.00653147522295909	0	0	0	0	0	0	0
SRR5665181	0.381367618775266	0.0175105787523324	0.0308113149258046	0	0.00698983270626048	0.000199537614193923	0.367331200453382	0.000250374584242324	0.0403912260804285	0.0282318651141771	0	0.00922976776328462	0	0.000585076371267105	0	0.000661682771892309	0	0	0	0	0.000918374376081476	0	0.0181627358592255	0.0176374205020587	0	0.0245896518991118	0	0	0	0.00546402171370323	0	0	0	0	0	0	0	0.00163620843639017	0	0.000186101413037146	0	0	0	0	0	0	7.06904613099073e-05	0	0.00364602348106503	0.000459939214224886	0	0	0	0	0	0	0	0	0	0	0	0.00289891053465352	0	0	0	0	0	0	0	0	0	0	0.000824722048615585	0	0	0	0	0	0	0.0042446363236468	0	0	0	0	0
SRR5665182	0.525681262191106	0.00289967423610746	0.149319351276639	0.00174345029283695	0.0210779504668615	0.00216832052562918	0.000257606374055072	0	0	0	0	0.0672820374140206	0	0	0.000268723911971134	0	0	0	0	0	0	0	0	0.185415392782114	0	0	0	0	0	0	0	0	0	0	0	0.0356588518387757	0	0	0	0	0	0	0	0.00248552090923432	0	0	0	0	0	0	0	0	0	0	0	0	0	0.000692191932773951	0	0	0	0	0	0	0	0	0	0	0	0	0	0	0	0	0	0	0.000189699250567771	0	0	0	0	0	0	0	0.00268894180569849
SRR5665183	0.882316288231629	0.000412100041210004	0.00215450021545002	0	0	0.0248700024870002	0	0	0	0	0	0.0523596052359605	0	0	0	0	0	0	0	0	0	0	0	0.0219182021918202	0	0.0122276012227601	0	0	0	0	0	0	0	0	0	0.000857000085700008	0	0	0	0	0	0	0	0	0	0	0.00208620020862002	0	0	0	0	0	0.000114800011480001	0	0	0	0	0.000683700068370007	0	0	0	0	0	0	0	0	0	0	0	0	0	0	0	0	0	0	0	0	0	0	0	0	0	0	0
SRR5665184	0.757266469643786	0.0553683531296897	0.00710425200355298	0	0	0.0023909339052681	0.0350807405530491	0.00229536459840676	0.0317700396327417	0	0	0.000789372452902845	0.000386680420641049	0	0.0011103051933262	0.000117585272839863	0	0	0	0	0.000632458659019521	0	0	0.0574374536413807	0	0.0127094168691135	0	0	0	0.00520127196242715	0	0	0	0	0	0	0	0	0	0	0	0	0.000788872090039697	0	0	0	0.00203727743359484	0	0	0.00198584013126319	0	0	0.000429711626871807	0.0151856126062621	0	0	0	0	0	0	0.00154832284372627	0	0	0	0	0	5.50399149463191e-06	0	0	0	0	0	0	0	0	0	0	0	0	0	0	0	0	0	0
SRR5665185	0.650464110707601	0.0797504750139997	0.0126760414674329	0	0	0.0197435878693668	0	0.0990185412816505	0	0	0	0.00403848192063622	0	0	0.000513388714747545	0	0	0	0	0	0.00124849800553002	0	0.000369331252571004	0.0244531197019036	0	0.0575749657165575	0	0.000203852983826986	0	0.000830944558079624	0	0	0	0	0	0.0234494889259506	0	0	0	0	0	0	0.000346489160259714	0.000108017716529837	0	0	0	0.00109855235955768	0	0.00260064834994816	0	0	0.00261333840123221	0.00877522122312603	0	0	0	0.000177254636335617	0	0	0	0	0	0	0	0.00283749546711368	0	0	0	0	0	0	0	0	0	0	0	0	0	0	0	0	0	0	0
SRR5665186	0.605140260855806	0.061477680578474	0.142150088785411	0	0.000560189475852126	0.0176156282415465	0.048370793995243	0.0108179057694191	0	0.0012759983021517	0.000908097681532886	0.0208831322789595	0	0.000610321209792265	0	0.000336354800063293	0	0	0	0	0	0	0.0105238464803554	0.0241091445205462	0	0.00696007293715198	0	0	0	0.0100707520513574	0	6.23883903343204e-05	0	0	0	0	0	0	0	0	0	0	0.000797787773985247	0.000482630961620089	0	0	0	0	0	0.000976714864460971	0	0	0.000698428485675033	0.0281940268892958	0	0	0	0	0	0	0.00174325821108072	0	0	0	0	0	0	0	0.000695414553774824	0	0	0	0	0	0	0	0.00313378592544035	0	0	0.000532461302370206	0	0	0	0	0
SRR5665187	0.424831507326732	0.087253849009906	0.0853511516224626	0	0	0.012581084493794	0.02440322503903	0.0208469143463891	0.0303189211588896	0.0153508994883711	0	0.0045905688023102	9.32286136406983e-05	0	0.00019164224287101	0.00190625573147557	0	0.00490390641107861	0	0	0.000401787874708877	0	0.00462157722887553	0.0745446641309568	0	0.0712225941425997	0	0	0	0.00739911891335087	0	0	0	0	0	0.0224535575103629	0.000459433048028698	0	0	0	0.00277947335694989	0	0.00243197564547344	0.00152022623748022	0	0	0.00218543323753593	0.00136853911474094	4.56484705830682e-05	0.00178293369402064	0	0	0.0016006448126054	0	0	0	0	4.69701412235579e-05	0	0	0.00550455488369502	0	0	0	0.00385948160417469	0.0250408802895801	0	0	0	0	0	0	0	0	0	0	0	0	0	0.0466446035781081	0	0	0	0.00024603407307578	0
SRR6915092	0.10531337629599	0.25151530352784	0.0273714140975375	0.0198105277014986	0.000365261207601347	0.0025056342004802	0.0713654063438229	0.00802039859206534	0.000575600571933539	0.031578716416905	0.0126990588601028	0	0	0.00480453426569364	0	0.0187430708784944	0.00370978070833687	0.00179818525129631	0	0	0	0.000110835042126072	0.0113133118138927	0.00462365477315332	0	0.00945383766848394	0	0	0	0	0	0	2.57516361817081e-06	0.0290012866547502	0.000693131039466855	0.0170014362202531	0.00705162203890949	0.00131920481831654	0	0	0	0.00915480966914195	0.000939831714087618	0.000133805501600155	0.000244743550270954	0.000244022504457866	0	0	0.00260040022162888	0.00215623600076678	0	0.000580029853356793	3.47132055729425e-05	0	0	0	0	0.00027574852023373	0.0192334850379389	0.00616051242047766	0.000243610478278958	0	0	1.32878442697614e-05	0	0.00818747520761227	0	0	0.00400458543934506	5.81986977706602e-05	0	0	0.000610004757872301	0	0	0	0	0.000255662244011998	0	0	0	0.00273708990648139	5.33573901684991e-05	0	0
SRR6915097	0.389537187864717	0.28852413852133	0.00227801806187472	0.0147761345733598	5.10436532455293e-05	0.0010793838028012	0.036987367921761	0.108742819339348	0	0.00464630983363781	0	0.000143657792649536	0.000913547654265511	0.00495246030408643	0.00939671305620865	0.00369576110322052	0.00143668937551991	0.00794107734651463	0	0	0	0.00322132260569603	0.0045205953339414	0.0020803074923167	0	0.0761591367247717	0	0	0	0	0	0	0.000534063725660648	0	0	0.0083426281819811	0.00804450204130033	0.00129280868482127	1.20364946517842e-05	4.81459786071368e-05	1.85005380758905e-05	0	0	0.00372083713374507	0	0	0	4.60284471406192e-05	0	0.00257837318304655	6.57549244865989e-06	0.000369564965419597	0	0	0	0	0.00021208749372542	0	0.00230387423557114	0.0027253744464327	0	9.12767511093636e-05	0	0	0	0.00456840696547488	0	0	6.62007205848132e-05	0	0	0	8.36982174397217e-05	0	0	0	0	8.34753193906146e-05	0	0	0	0	0.000228136153261132	0.000386393768127184	0
SRR6915100	0.50434002913236	0.366045287069047	0.0322797923623734	0.00999465753262878	0	1.4412051357345e-05	0	0	0	0	0	0.000622020133235411	0	0	5.30443556902282e-06	1.90159010964969e-05	0	4.0033475992625e-05	0.000124804361407009	0	0	0	0	4.0033475992625e-06	0	0.0656248755209106	0	0	0	0	0	0	0	0	0	0.00130939491602878	0.0164573616458082	0	0	0	0	0	0	0	0	3.81318858829753e-05	0	0	0	0	0	0	0	0	0	0	0	0.00138846103111422	0	0	0	0	0	1.02085363781194e-05	0	0	0	0.000259216757052247	0	0	0	0	0.000600502139889375	0	0	0	0	0	0	0	0	0	0	0	0
SRR6915106	0.385264038597967	0.247492296531809	0.0577343981011516	0.00751080646239055	0.0923122768535039	0.00130771899316541	0	0.000362816246325323	0.000269486343424433	0	0.000188960542957964	0.0359609218793701	0.00036121573352102	0.000547675475222261	0.00138314315906817	0.000668414159896831	0	0.00170394594428055	0	0	0.0228646258261147	0	0.00251330526300627	0.0082380394678455	0	0.00163302322063989	0	0.000722731563192847	0.000359615220716718	0.00044904387365712	2.27072754110417e-05	0	0	0	0	0.0800874600221911	0	4.12132047107893e-05	5.73183648040832e-05	0	0	0.00118698030849084	0.000933999253360777	0.00298615676462739	0	0	0	0.000290993234232248	0	0.000520666821649657	0	8.66277555328727e-05	5.34171148435959e-05	0.00118267893032928	0.00013904454987378	0	0	0.00032280342621776	0.0138399343149545	0	0	0	0	0	0	0	0	0	5.04161533355287e-05	0	0	0	0	0	0	0.0029259374703655	0.000579285603107236	0	0	0	0	0	0	0	0
SRR6915108	0.680967727252492	0.23379052350367	0.0100250044892037	0.000261699314890001	0.00209459489876408	0.00190602333585596	0.00100328074504274	0.00197685021465646	0	0	0	0.000991876417100289	0.000170164577457145	0.000746183176515488	0.00205698062414686	0.00176256889489561	0	0.000567915523941336	0	0	0	0.0011962539783848	0.00068185876540147	0.00955532624631047	0	0.0223301743011473	0	0	0	0	9.74369773328978e-05	0	6.03228925377181e-05	0	0.000112442671994022	0.0107918955243515	0.00170584736907656	0	4.7918184951189e-05	0	0	0	0.000208379079860807	0.000391348516762111	0	0	1.52057705899389e-05	0.0004045535280639	0	0.000997478543107109	0.000266301061252745	0.00023418887467794	0.000287509109707134	0.00439686861163812	0	0	0	0.000277505313266385	0	0	0.000305916095158112	0.000179668184075857	0	0	0	0.000627738226657016	9.78371291905278e-05	3.30125282544726e-06	0	0	0	0	0.0044486882772012	3.20121486103976e-05	0	0	0	0	0	0.00017396602010463	0	0	0	0	0
SRR6915110	0.404861509193842	0.287477915408141	0.00304180023943429	0.0112525373924812	0	0.000376607804608626	0	0	0	0	0	0.000169879474052316	0.000337781184619953	0.00172294427359922	0.000418036744971875	0.000407627463473571	0	0.00402037679308982	0	0	0.0184508678270032	0	0	0.016555858130237	0	0.0211548868818175	0	0	0	0	0	0	0	0	0	0.025490352625861	0	0	0	0	0	0	3.26851439046735e-05	0.057613603515256	0	0.000200274576027362	1.67589432122689e-05	0	0	0	0	0	0	0.00246991431391749	0	0	0.000737185315709865	0	0	0	0.000795165013655416	0	0	0	0	0	0.000153640994914962	0	0	0	0	0	0.000115438931816187	0	0	0	0	0	0	0	0.000450513703246582	0.000730627468365933	0	0	0
SRR6915111	0.330037321511305	0.45686935911022	0.0249118412922257	8.12011124552406e-05	0.00138081891721917	0.00165882272587134	0	0	0	0	6.16008439315619e-05	0.0183629515724365	0	0.00657439006914395	0	1.70002329031908e-06	0	0.0122031671833904	0	0	0	0	0	6.45008836621062e-05	0	0.0352314826713126	0	0	0	0	0	0	0	0	0	0.111846932302973	0	0	0	0	0	0	0	0	0	1.01001383718957e-05	1.36001863225526e-05	3.82005233471699e-05	0	0	0	0	0	0	0	0	0	0.000606808313273892	0	0	0	0	4.52006192484837e-05	0	0	0	0	0	0	0	0	0	0	0	0	0	0	0	0	0	0	0	0	0	0
SRR6915112	0.676297540227336	0.158183097360019	0.00497996483471569	0	4.13970557202351e-06	0.00238487428319988	0	0.0136787988311087	0	2.78672862897192e-05	3.02905285757818e-06	0.00517130000688605	0.000280793199897497	0.00221645894431854	0.00122282863860431	0.000923255310989828	0	0.000803405786258318	0	0	0.000273321536182137	4.15989925774069e-05	0	0.019807885351561	0	0.0117580764141184	0	0	2.85740652898208e-05	0	0	0	0	0	4.01854345772038e-05	0.0816774006203096	0.00169101924195731	0	2.86750337184067e-05	0.000307448865044185	0	0.000310982760044693	0.000828042082833287	0.00211882247387593	0	0	0	0.00125836952546656	0	0.00187770986641271	0	0	0.00110530138773028	0	0	0	0.000618835498803221	0.000157207843308307	0.00230652278261719	3.78631607197272e-05	0.000101372302300283	0	0	6.19946151517667e-05	0	0	0.000178815087025698	0	0	0	0	0.0007439353818212	0.00474743454368227	0	0	0	0	0	0	0.00162740913194817	0	0	0	0	0
SRR6915113	0.572311742430705	0.237697180038159	0.0141791981018928	0.0094288114448478	0.00283150384248279	0.000331807447300727	0.000324079324662447	1.60584366509729e-05	0	1.40511320696013e-06	0	0.000147637251959882	0	9.04290713907911e-05	0	1.57573409637672e-05	9.64509851349059e-05	0	0	0.000453550470160916	0.0297680258460538	0	4.10493786890495e-05	0.0245373915679156	0	5.31935714063477e-05	0	0.00022411555651014	0	0	0	0	0	1.10401751975439e-06	0	0.0163999795254933	0.0905624567802232	0	0	0	0	0	0	8.02921832548645e-07	0	0	0	0	0	0	0	0	0	0	0	0	0	5.38961280098278e-05	0	0	0	0	0	0	0	0	0	0	0	0	0	0	0	0	0	3.91424393367464e-06	0	0.000277509858374625	0	0	0	0	0	0	0
SRR6915114	0.53473347646409	0.319427671917387	0.0042228213209215	0.00015391947377766	0	0.00652510414600178	0.00592244481406037	0.00329089248359235	0	0	5.4277394136299e-05	0.012591153726098	0	0.00420369404734211	0.000631099885326487	0.0259690292387916	0	0.00687450235290501	0	0	0.0121547314315482	0	0	0.00844634364139827	0.00155982415326013	0.00581879702267463	0	0.000210199723786147	0.000130085488898621	0	0	0	0	0	0	0.00754766221154745	0	0	0	0	0	0	0	0.00426398000909497	0	0	0	0	0	0	0	0	0.00129464603578242	0.0111953634687701	0	0	0.00052574966644939	0.000935634120692696	0	0	0.00351040548718418	0	0	0	0	0.00974129010556152	0.000381343758064624	0	0	0	0	0	0	0.000181358599226637	0	0	0	0	0	9.01285142484669e-06	0	0	0	0	0
SRR6915116	0.439018578199014	0.266063894792154	0.0389677354196111	0	1.92663105035666e-06	0.00210895118870094	0.00203746303656928	0.000258269962382022	0.00590025689090016	0	0.00256586695253815	0.000401854676450708	0.000762945895941237	0.00810604664029007	0.00880683333444875	0.00419559401787143	0.00493035025949692	0.007119408739239	0	0	0.0271666132280054	0.000738406700457747	0.0131095074780663	0.000974469704943553	0.0054535826921201	0.0180665263673655	0	0.0026913007740798	0.000111034789481081	0	2.29167693358213e-05	0.000137703419283387	0.000570384192539801	0	0	0	0	0.000286256813429308	0	0.000382182759410224	0	6.80404965678589e-05	0.000149364607219756	0.00110020773138788	0	0	0	0.000318096926577308	1.31822124498087e-06	0.00285841066728968	0	0	5.57708988261138e-05	0.00120708505386556	0	0	0.000156361319981577	0	0	0.00101614577661179	4.12704651313242e-05	0.00148370871204309	1.6325663110917e-05	1.73396794532099e-05	0.0022874180649445	0.00197084216288063	5.8204538047617e-05	0	0.000338782859960084	0	0	0.000548278636277814	1.88607039666494e-05	0	0	0	0.000185260785736927	0	0	0	0	0	0	0	0
SRR6915117	0.725146431063241	0.146187390748748	0.0273550381238418	0.00758155551276505	0.00185145080661497	0.00334899632640711	0.00153675718526262	0.00985193094945746	0	0	7.20214263743464e-06	0.0021871506773265	0.00024127177835406	0.000695206824030149	0.00852213533526224	0.00235560079123539	0	0	0	0	0	0	0.000128738299644144	0.0238419929929154	0	0.0162144237910778	0	0.00117334907134873	0.000143242614677867	0.000138241126735204	8.00238070826071e-05	0	0	0	0	0.000541961233466956	0.00114314008417504	0	5.21155043625479e-05	0.000180953833765545	0	0	0.000480542961531055	0.00115654407186138	0.000802238666003136	0	0.00442991790057542	0.000857455092890135	0	0.00165549250902143	0	0	0.000781632535679365	0.00630727641473338	5.97177660353955e-05	0.000354305405858243	1.44042852748693e-05	0.000357306298623841	0	3.45102668043743e-05	7.70229143170093e-06	0	0	5.42161292984663e-05	0	0	0	0	0.000149144370450209	0	0	0.000208562047209045	0.000112933597745329	0	0	0	0.00062248518934383	8.96266639325199e-05	0	0.000428527486927361	0	0.000448033289903746	0	0	0
SRR6915118	0.109162178167564	0.771329045734191	0	0.0182202963559407	2.16999956600009e-05	0.000107399978520004	0	5.31999893600021e-05	0	0	0	3.69999926000015e-06	0	0.00941799811640038	0	0	0	0.0776237844752431	0.000232299953540009	0	0	0	0	0.000769999846000031	0	0.0110008977998204	0	0	0	0	0	0	0	0	0	0.00111069977786004	0	0	0	0	0	0	0	0.000174599965080007	0	0	0	0	0	0	0	0	0	0	0	0	0	7.5399984920003e-05	0	0	0	0	0	0	0	0	0.000304199939160012	0	0	0	0	0	0	0	0	0	0	0	0	0	0.000392599921480016	0	0	0	0
SRR6915121	0.292172783445849	0.366021036716968	0.00754711621140657	0.00279651246404227	0.000591136112432	0.000903310289120913	0	0	0	0	0	4.72073361871491e-05	0	0.00728737142136798	0.00445064916875923	0.00801793628116689	0.0245946043894676	0.0154076598916132	0	0	0.00258616827138537	0	0	0.0164664828435276	0.00108587317331369	0.0870809291448172	0	0	0	0	0	0	0	0	0	0.0538190787195908	0.0268506346305707	0.000506852217956271	0.000108618649634148	0	5.95313752802544e-06	0	0	0.000755839584040704	9.15947651241809e-05	0	0	2.18281709360933e-05	0	0.000394995897034951	0	0	0	0.000305489952096042	0	2.5065842223265e-05	0.00018141403309088	0	0.0125155839040947	0.00077484784772668	0.000138906542320594	0	0	0	0	0.000638447889628412	6.62155998731251e-05	0	0.00667190055377756	0	0	0	0.000902161438019013	0	0	0	0	0	0	1.93215867137668e-05	0	0	0.0114950908025801	0.000309563151457323	0
SRR6915122	0.0781878482746163	0.617575630096188	4.39086192619611e-05	0.00915949800945926	5.99117606786212e-05	0.00037797419633474	0.000295357978771233	0	0	0	0	0	0	0.0221688517455977	0.000151729784556708	9.8019241177043e-06	0	0.0190663427230765	0	0	0.013107673036217	0	0	0.00719141167411163	0.000284255799413425	0.000873571482081933	0	0	0	0	0	0	0	0	0	0.0331837139630509	0	0	0	0	0	0	0	0	6.46126834697651e-05	0	0	0	0	0	0	0	0	0	0	0	0	0	0	0.00183225967257373	0	0	0	0	0	0	0.000191237539929088	0	0	0	0	0	0	0	0	0	0	0	0	0	0	0	0	0	0.000129525425841093
SRR6915124	0.295489111353267	0.414055575783327	0.0099551970134409	0	0.0127015961895211	0.000132299960310012	0	0	0.00205329938401018	0.0310002906999128	0	0.000176999946900016	0.00101149969655009	0.00847069745879076	7.87999763600071e-05	0.00474849857545043	0	0.0176887946933616	0.0266671919998424	0	0.00720279783916065	0.000961399711580087	0.0207270937818719	0.000849699745090077	0	0.00489989853003044	0	0	0	0.00194559941632018	0	0	0	0	0.00258429922471023	0.00354099893770032	0	0.00174289947713016	0	0	4.09999877000037e-05	0	0	0	0	0	0	1.1199996640001e-05	0	0	0	0	0	0	0	0	0	0	0	0.00146209956137013	0	0	0	0	0	0.00350319894904032	0	0	0	0	0	0	0.000232399930280021	0	0	0.0729246781225966	0	0.000567299829810051	0	0	0	0	0.00181749945475016	0	0
SRR6915131	0.624139050402911	0.194660529551923	0.00426447191562571	0.0050079297824164	0.000618728736216954	0.000581199617283263	0.00529792751963129	0	4.41519046278722e-06	0	0.00381763457174409	0.00536405503133531	0	0.000605483164828593	0.0022322801598901	0.00543228979303293	0.00556474550691655	0.00192682925605546	0	0	0.00157592195950167	0	0	0.0225177723959282	6.42209521859959e-06	0.0143377289564748	0	0	0.000446937689119415	0	0	0	0	0.000352312129882862	0	0.0682995847212334	0.000777474902401713	0.00190665986325954	0.000642109176622169	0	0	0	0	0.0044197059984878	1.1037976156968e-05	4.97712379441468e-05	0.00167907686395042	0.00031799405855847	0	0	8.93072616336506e-05	2.43838927831203e-05	0.000262503142060258	0	0	0	0.000270731451559089	0.000121819118677811	0	0	0.0005337363198083	0	0	0	0	0	0.000169483106628355	3.63249760802039e-05	7.80685950011013e-05	0	0	0	0.000528217331729816	0	0	0	0	7.68644521476139e-05	0	0.00176647756606605	0	0	0	6.51240593261115e-05	0
SRR6915138	0.0789554916834636	0.568862349426481	0	0	0	0.00179050430450275	0	0	0	0	9.81474328869741e-05	0	0	0.0450570499112298	0	0	0	0	0	0	0.246266837132057	0	0	0.0211010117250149	0	0.00825399320208917	0	0	0	0	0	0	0	0	0	0	0	0	0	0	0	0	0	0	0.001295992238803	0	0	0	0	0	0	0	0	0	0	0	0	0	0	0	0.0263314806003534	0	0	0	0	0	0	0	0	0	0	0	0	0	0	0	0	0	0	0.00155989215450259	0	0	0	8.18467228795221e-05	0
SRR6915139	0.361201164852464	0.519287656377923	1.88002011621524e-05	0	0.000459404915632597	0.000640106849143286	0.0140424502542177	0	0.000821608791214066	0	3.00003210034347e-06	0.000550405889343016	0	0.0120674291214916	0	0.00309593312648445	0	0.017652188878421	0.000471705047244005	0	0.000131901411345101	0	0	0.00267612863457639	0.00548315866979777	0.0252226698825677	0	0	0	0	0	0	0	0	0	0.000457004889952322	0	0	4.93005275156444e-05	0	0	0	0	0	4.2300452614843e-05	0	0	0	0	0	0	0	0	0	0	0	0	0	0.00176071883969158	0	0	0	0	0	0	0	0.00043960470377033	0	0	0	0	0	0.0186785998610185	0	0	0	0	0	0	0	0	0	0	0	0
SRR6915140	0.202634887327458	0.670270844437991	0.000248084664217861	8.71375926821385e-05	0.000236069167660301	0.0049361477328525	0	0	0	0	0	0.00280142816797907	1.94873179462952e-05	0.0182443703612232	0.000476480069370813	0.00333071583986756	0	0.0496266260172658	0	0	0.00639113349246967	0	0	0.00341532916856702	0.000195176091140873	0.00545039079140421	0	0	7.44153022094277e-05	0	0.000657419311649367	0	0	0	0	0.00599058328369789	0	0	7.86560657003313e-05	8.61278870890662e-05	0	0	0	0.00247852431931455	0	0.00676997503099039	0	0.000148729633859548	0	0	0	0	0	0	0	0	0.000462243220508494	4.86678095860843e-05	0	0	9.59220313418674e-06	0	0	0	0	0	0.00120791080099238	0	0	8.69356515635241e-05	0	0	0.000573209865187138	1.83766417939157e-05	4.6749368959247e-05	0	0	0.000111774409153102	0	0.00147730025322407	0.00105504137420123	0.0048328548506812	0	0	0.00331748869659831
SRR6915141	0.094360690563931	0.498654150134585	4.06999959300004e-05	0.00163369983663002	0.0731765926823407	0.000523899947610005	0.0112811988718801	0	0	0	0	0.000272499972750003	0	0.0311707968829203	0	0.000186099981390002	0	0.149638185036181	0	0	8.99999910000009e-07	0	0	0.00203919979608002	0	0.00525249947475005	0	0	0	0	0	0	0	0	0	0.00641159935884006	0	0	0	0	0	0	0	0.124632387536761	0	0	0	0	0	0	0	0	0	0	0	0	0	0.000441799955820004	0	0	0	0	0	0	0	0	0	0	0	0	0	0	5.53999944600005e-05	0	0	0	0	0	0	0	7.50999924900008e-05	0	0	0	0
SRR6915142	0.261007773570778	0.571488109649119	0.000104505088019697	0	0.0139937637293429	0.000628074534991509	0	0	0	0	0	0.000615650853198957	0	0.0240039104321447	0.00198528347031226	0.00115822122526526	0	0.0114109951254275	0	0	0	0	0	0.00108305273038596	0.000652295494452617	0.0203832945954583	0	0	0	0	0	0	0	0	0	0	0	0	4.3743887992261e-05	0	0	0	0	0	0	0.00108649795306792	0	0	0	0.000654592309573929	0	0	0	0	0	0	0.000159419849556522	0	0	0.00123349412083189	0.000449862561715161	0	0	0	0	0	0	1.36764900405398e-05	0	0	0.00506740056173834	0	0.0267570609577865	0.000396096207738993	0	0.0207876384574965	0	0	0	0	0	0.00146004361234313	0	0	0.00202714814593253
SRR6915143	0.447340888106708	0.305312236622342	0.00387723950479143	0.0109089536539423	2.17259973284032e-05	0.000172506421183588	0	0	0	0	0	7.50898525175225e-06	0.000841707186819748	0.00552100643630168	0.00920881927314224	0.00238345203870952	0	0.038050931744926	0.000236082496315091	0	0.000698635987823029	0	0.000758207270820264	0.0115415105715499	0	0.0717077054403299	0	3.64436084218376e-05	0	0	0	0	0	0	0.000413895267076584	0.0624733556173317	0.00354163792393979	0	0.000156487252646517	0	0	0	0	0	0	0	0.000442930010050026	0	0	0.000774526798767405	3.1037139040576e-06	0.000224869078339141	0	0	0.00170003426099671	0	0	0.000713954317736604	0.000650978961425241	0	0.000163896118094912	0	0	0	1.17140169927335e-05	0.0145783444469652	0.000321684928185066	0	0	0	0	0	0.000919500274027902	0.000174809176660792	0	0	0	0	0	0	0	0.000477170982798016	7.789320701151e-05	0	0
SRR6915144	0.369058770436921	0.461814651050249	0.0157332359001107	0	0.000513667202329105	0.00073725762392772	0	0.00941362736057866	0.000592069038474074	0.000228897314722093	0	1.42184683685639e-05	0	0.0068141509006048	0.0037313466461587	0.0101238498685943	0	0.00754530059093757	0	0	0.0074206386675653	0.00142354904785826	0	0.000371983168938134	0.00121247488362634	0.0213653514550049	0	0	0	0	2.01261418456433e-05	0	0.000201061158338566	0	0.000944526845920166	0	0	0.00062891690016162	4.20546247520905e-06	0.000979972886782642	0	5.99779053011957e-05	0.000638729645937108	0.00329217620767615	0.000770901323729392	0	0	0.000123560492723999	0.000827574937085781	0.0033469473499128	0	2.01261418456433e-05	1.18153469541588e-05	0.000448883054199099	0	1.86241909616401e-05	0.0002942822432057	0	0.0212368845893932	0.000659356438077419	0.000206368051462044	0.000196855695863357	0	7.62991049073642e-05	0	0.0148696141418088	0.000307699671102795	0	0.000102933700583688	0	0.00541222994547618	0.000134474669147756	0.00140061926436248	0	0	0	0	1.10143064826904e-06	0	0.000185540999203866	0	0	0	0.000333933746543385	0
SRR6915145	0.094435409443541	0.844093484409349	0	6.38000063800006e-05	0.0199911019991102	0	0	0	0	0	0	8.10000081000008e-06	0	0.00222140022214002	0.00143950014395001	3.51000035100004e-05	0	0.00679020067902007	0	0	0.0153974015397402	0	0	4.83000048300005e-05	0	0.0122696012269601	0	7.32000073200007e-05	0	0	0	0	0	0	0	1.18000011800001e-05	0	0	0	0	0	0	0	0.000638800063880006	0	0	0	0	0	0.000345500034550003	0	0	0	0.000250700025070003	0	0	3.34000033400003e-05	0	0	0.00131000013100001	0	0	0	0	0	0	0.000222300022230002	0	0	0	0	0	0	0	0	0	3.60000036000004e-05	0	0	0	0	0	0	0	0
SRR6915146	0.283602317359779	0.486412736670577	0.000273755139790285	0.0199881289361685	0.0441523499901909	0.00123745330648164	0	0.000442312235003023	0	0	0	0.00191088094103705	0	0	0.0066544019025732	0.000697950489856546	0	0.048750835778946	0	0	0	0	0	0.0179572361440863	5.78539198533033e-05	0.0435300700252635	0	0.000647703659810944	2.10195902581206e-05	0	0	0	0	0	0	0.0104349253504266	0	0.000130421552887291	0	0	0	0	0	0.030787794224217	4.12384342206937e-05	0	0	0	0	0	0	0	0	0	0.000162151124848359	0	0	6.69624089651555e-05	0.000935872232921082	0	3.05284525177465e-05	0	3.92365684818251e-05	0	0	0.000226411015066042	0	0	0	6.00559721660588e-06	0	0	0	0	0	0	0.000567929310117029	0	0	0	0	0	0	0	0
SRR6915148	0.662214363495924	0.161984305837315	0.0114554545771526	0.0115868873867007	0.00046785256976766	0.00057818378145256	0.00186789334609344	0	0.0173070281484262	0	0.000493777389999631	0.000565924757932015	0.000187301801986022	0.000335816857423437	0.00393333784170646	0.00513401876012437	0.0151471288814254	0.00084436536592733	0	0	0.010156299535373	0	0.000583107487620647	0.00977365722745302	0	0.0059589907527774	0	8.38034886568361e-05	2.85373990150377e-05	0.00203509838820971	0.000482523204472574	0	0	0	0	0.0103484245597277	0.0265273210928658	0	0.000104402667523325	0	0	0	0.00352286152136693	0.00698241824914415	0	0	0	0.00110783388781969	0	0	1.40677319088214e-05	0	0.000429467758416448	0	0	0.0010276478159394	0	0.000461220639010645	0	0	0	0.00282932233826203	0	0	0	0.00111677694596172	4.08969063349308e-05	0	0	0	0	0.000326471864084005	0.000226389999932676	0	0	0	0	0	0	0	0	0.00430914725127069	0	0	0
SRR6915149	0.578598285793555	0.155267397749647	0.0201299213973729	0.00533380017967122	0.000456043449017129	0.00263065488323894	0.00782734923962807	0.0365888798090776	0.0112400525080976	0.00451167004786992	0.00119114470035512	0.0254807840837706	0.00240591441002395	0.033835051800357	0.00179630840046773	0.0226556772007958	0.00265488566202223	0.000909865743312457	0	0.00216623162322593	0.00799696469111108	5.59327143580893e-05	0.00298573675399237	0.00583123787577647	0	0.00517983377281908	0	0	0.00058133676764238	0	0.000181831802452922	0.000105706772442093	5.25000206971235e-05	0	0	0.00228657782451626	0.00288649152255916	4.31105939185995e-05	0.000140134670630014	0.000107322157694312	0.000196875077614213	0.000482899228835273	0.000668466609683952	0.00168676508805162	0	1.81730840874658e-06	0.00382725150882031	0.00159721216813172	0	0.00188030843358313	0.000165072180461148	0	0.000391226115771834	0.00666336320382588	0.000315908778387115	0.000781442615761031	0	8.93509967633737e-05	0	0	0.000112067351872706	0.00115651487901067	0	6.04759853799558e-05	0	0	0.00012418274126435	0	0.000629495440474164	0	0	0.000387591498954341	0.000445240560142913	0	0	0	0	0	0.00764753666874042	0.000658976221327164	0	0.00350003503366766	0.00119498124032914	0	0
SRR6915157	0.414535697617822	0.421844208787656	0.011716887836467	0.0034729721462327	0.120593688492672	5.59720752412882e-05	0	0	0	0	0	0.000314805374881235	0	0	0.00134032593770999	0	0	0	0	0	0	0	0.00119624039876149	0.00113135684821344	0	0.00248079451910225	0	0.0172496123257919	0	0	0	0	0	0	0	0	0	0	0	0	0	0	0	2.51323629437627e-05	0	0	0.000499643390794326	0	0	2.40309446474225e-06	0	0	0	0	0	0	0.000183836726552782	0.00097215183992427	0	0	0	0	0.000222887011604844	0	0	0	0	0	0	0	0	0	0	0	0	0	0	2.36304289032988e-05	0	0	3.92505429241234e-05	0	0	0	0
SRR6915161	0.092871599350652	0.762287750187426	0.00119759600096234	8.16359933496827e-05	0	0.000679529161392248	0.00474916385942403	0.00328856322964054	0	0.00053254415858777	0	0	5.7004443632106e-05	0.00495395760136159	0.000573965376888348	0.00167484484385759	0.000700440844417782	0.00910502721886781	0	0	0.024835338090138	0	0.00370438400364828	0.00021876837626713	0.000800072949601939	0.00154565487901234	0	0	0	0.000293266247045596	2.65417515324091e-05	0	0.000160356415508305	0	3.78018885461585e-05	0	0.00226730901726853	0	0	0	0	2.47320866551994e-05	0	0.00036002277362711	0	0	0	0	0	2.33245695284808e-05	0	0	0	9.39014997396596e-05	1.9403628961193e-05	2.60390668442953e-05	0	0	0.0018272588412937	0.000237970931353077	0	0	0	0	0	0	0	0	0	0	0	0.000161462321822156	0	0	0	0.0145788613246767	0	0	0	0	0	0.000559186447057802	0.000921823181063104	0	0
SRR6915162	0.305578038334536	0.463392638173701	0.000380425630441415	0.0118341188158697	0.00189942654988674	0.000289371626311565	0	0.00736897053642515	0	0	0	0.00153130821890463	0	0.00185830215901051	0.0155864443201263	3.35198806412083e-05	0	0.0172260167505347	0	0	0.0126012738155	0	0	0.0253666449571241	0	0.0870714420722931	0	0.00130067142822408	0	0	0	0	0	0	0	0.0235706797701717	0.005978145638178	0	2.30136493954564e-05	0	0	0	0.000481885806471818	0.000864412683162383	7.19426691971008e-05	2.2313233979073e-05	0	0.000331996907365759	0	0.000475582067724367	0	0	0	9.89586924004627e-05	0	0	0.000156792993924697	2.87170320717217e-05	0.0139256593085359	0	0	0	0	0	0	0	0.000253450321385614	0	0	0	0	0	0.000182608304985687	0	0	0	0	1.91113349327486e-05	0	0	0	6.10362005705584e-06	0	0	0
SRR6915163	0.399228301132376	0.510942018274268	0.000677969288461281	0.0050881200058646	0.014697402074492	0.00225753071963955	0	0	0	0	0	0.0054236542974692	0	0.00830224848979566	0.000602161540909481	0	0	0.044868185528561	0.000589960293942041	0	0	0	0	0.000194119839047551	0	0.00157846131874678	0	0	0	0	0	0	0	0	0	0	0	0	0	0	0	0	0	0	0	0	0	0	0	0	0	0	0	0	0	0	0	0.000335634301825647	0	0	0	0	0	0	0	0	0	0	0	0	0	0	0	0	0	0	0	0	0	0	0.00521423289460183	0	0	0	0
SRR6915164	0.420317447500943	0.448234032161928	0.0110009291173721	0	0.00507880115262141	5.30443593267516e-05	0.00406647254449754	0	0.00271569176629306	0	0	0	0.000504874642048701	0.00208689742645142	0.00500758938058655	0.0032137255924455	0	0.00324400461362567	0	0	0.0160625721579914	0	0	0.00246740379261562	0.00132835187362658	0.039447957371624	0	0.00013356412676144	0.00056105904801636	0	0	2.05224476887855e-05	0	0	0.000655821169858019	0.00037646916334018	0	0	0	0	0	0.00324725680478947	0.00137455541705707	0.00148804567422128	0	0	0	0.000233933474747577	0	0	0	0	0	0	0	0	0.00011416312430155	0	0	0.00147313045267697	0	7.71554317480023e-05	0	0	0	0	0.000149825082580423	0	0	0	0	0	0.00148871854135862	7.35668070155371e-05	0	0	0	0	0	0.00105056989042919	0	0.00460229907486376	5.38293709869783e-05	0	0
SRR6915165	0.166405143809569	0.695856117824698	0.00629645030975707	0	2.92025523030713e-05	0.000443738782769614	0.011984147414484	0.00103109011727625	0	0.00281954642835784	0	0	0.000101908906838458	0.00651176912862184	3.75032777864785e-05	0.0021611888879088	0.00140322264165888	0.0342393925229065	0.0142199428230027	0	0.0037413269919791	0	0.0064569643386832	0.00288325199622447	0.00169194787624438	0.00975735279263408	0	0	0	0.00293665666379242	0	0	0	0	0	0.0016081405514842	0.00271553733796334	0.00119150413746161	0	0	0	0	0	0.0034109981212358	4.34037934915512e-05	0.000149813093664386	0	0	0	0.00143682557855557	0	0	0	0	0	0	1.9201678226677e-05	0	0	0.00239550936751872	0	0.000300026222291828	0	0	0	0	1.65014422260506e-05	0	0	0	0	0	0.00341329832227337	0	0	0	0	0.00362141651180313	0	4.24037060839117e-05	0	0	8.19071586856691e-05	0	0
SRR6915167	0.470833243227884	0.32050908992155	0.0634010775438277	0.0110026548837237	0	0.00198570617442772	0.000780220990529624	0.00171503778645361	0	0	7.54371203941238e-06	0.0238770555986665	8.68029798668384e-05	0.00262159080793659	0.00241076920214181	0.0019500998536017	0	0.0114390837709105	0	0	0	0.000426873518603548	0	0.0148840456022422	0.000100884575673742	0.0282643779379615	0	0	0	0.000105410802897389	0	0	0	0	0	0.0265714683734902	0.00670112969602361	0.000188592800985309	7.41295436406256e-05	0	0	0	0	0.00106818962478079	0.000937934863566939	0	0	0.000949200140212461	0	0	0	0	0.000203378476582558	0	0	0	0.000242404613533118	0.000615868650897626	0	0	0.000127941356188434	0.0023210493202864	6.30654326494875e-05	6.97038992441704e-05	0	0.000862900074481584	3.8422639987407e-05	0	0	0	0	0	0	0	0	0	0	0	0	0	0	0.00192877629423696	0	0.000117581324987641	0
SRR6915168	0.409348422722404	0.235345783095316	0.0246137529525565	7.42121155560113e-05	0.000870871020872259	0.00371437754740987	0.00035424052411695	0.00212605478301672	0	0	0.000147302894201149	0.00692272632885815	0	0.000677185554448604	0.000694311427269221	0.0107503589042663	0.000460971410088301	0.008248758195826	0	0.000794823990371182	0.00630527744984336	0	0	0.0130764194162952	0.00384312741272202	0.0198197318394135	0	0	0.000102245538327856	0	0	0.00210678817609353	9.99009247869383e-06	0	0	0.0135696037776413	0.0015592699444296	0.000650273468587632	0.00033660495270048	0	3.32323484495326e-05	0	0	0	0.00332364260382994	0	0.00193552944788735	0	0	0.00498424062911486	0	0.000182675976753259	0.000394812532346747	0	0.000293484451491424	0	0.000264329691808705	0.000169423813261114	0	7.56392716243962e-05	0.00375658059114639	0.00650416184194471	0	0	0	0.00501482254486596	0	0.000207039569634971	0.000868322527893001	0	0	0	0.00052274687990553	0	0	0	0	0.00586347070695909	0	0.00147415027892236	0	0.0101397399864359	0	0.000225286779366463	0
SRR6915169	0.501139919711115	0.220947030834135	0.00670533185414632	0.0360876560466781	0.0053656155295408	0.00155275770976113	0.0136784228760014	0	0	0	0.000259474793153997	0.00190325834678862	0	0.00172182031641606	0.00164122664790784	0.000593713509759147	0	0.0043092043594629	0.000279418657822909	0	0	0	0	0.0152425332471895	0	0.00420917820743113	0	0	0	0	0	0	0	0	0	0.123084736980824	0	0	0	0	0	0	0	0	0.00122884889229219	0	0.000283407430756692	0	0	0	0	0	0	0	0	0	0.000172437722214284	0	0.0361252936989763	0	0.0185468736560264	0	0	0.000521813320721992	0	0	3.8455862130825e-05	0	0	0	0	0	0	0	0	0	0	0	0	0	0	0	0	0	0
SRR6915170	0.742949097517724	0.126381372012888	0.0109963213037372	0.0115768246112193	0	0.00205128843081278	0.00192076950694539	0	0	0	2.85510145959924e-05	0.00126450404287465	0.00038482688959027	0.000664830768449538	0.00157825929970275	0.000747628710777916	0	0.00314418048238367	0	0	0.00114255042338605	0	0	0.00751870575803607	0	0.0209553230664565	0	0.000171102151757412	0	0	0	0	0	0	0	0.040139973388415	9.39124444389608e-05	0	8.99356959773762e-05	0	0	0	0	0.00196706293775461	0.000121341812032968	0	0.00226674662310326	0.000406036214718721	0	0.00143703374536186	0	0.000181298942684552	0.000449882415705424	0	0.000189354407516993	0	0.000113592250928341	0.000412460193002819	0	0	1.13184379291256e-05	0	3.77281264304186e-05	0	0	0.00493983536465305	1.58050259370672e-05	0	2.3350651223151e-05	0	0.000158662066826301	0	0.000394615808880324	0	0	0	0	0	0	0.000926480423639955	0	0.000869582330266512	0	0	0
SRR6915171	0.65340965728857	0.243315267205475	0.00246091257538949	0.0171339184662916	0	0.00664378270434496	0.00454894139383387	0	0	0	0	0.0236112960335367	0	0	0.00172836931080522	0.000215895888290358	0	0.00402828666926543	5.61028758434341e-05	0.000138654250298773	0	0	0	0	0	0.0165208943639953	0	0	0	0	0	0	0	0	0	0.0245714566801143	0	0	0	0	0	0	0	0	0	0	0.000869594575573229	0	0	0	0	0	0	0	0	0	0	0.000461746704932835	0	0	0	0	0	0	0	0	0	0	0	0	0	0	0	0	0	0	0	0.000116213099961399	0	0	0	0	0	0	0.000169009913478345
SRR6915172	0.438931905633319	0.246508851935092	0.00767589772521917	0.0113060866645376	0.000797181036427507	0.00526822667589332	0	0	0	0	0.000161179226892669	0.00322518731450365	0	0.00605438862285023	0.000149559096178219	0.00207930218310201	0	0.00543501562106193	3.48603921433491e-05	0	0.0154025834355437	0	0	0.00848019108303225	0	0.0184672927379392	0	0	0.00507378983350757	0	0	0	0	0	0	0.210835751856516	0	0	0	0	0	0	0	0	0	0	0	0	0	0	0	0	0	0	0	0	0	0.000346700624161297	0	0	0.00347552099256752	0	1.31227338240768e-05	0	0	0	0	0	2.25390466444068e-05	0	0	0	0	0	0	0	0	0	0	0	0	0	0	0	6.71162722300113e-06
SRR6915173	0.644279330559039	0.159435691657357	0.00709802976351895	0.00643725704742145	0	0.00743826639935559	0	0	0	0	0	0.00572311190779979	0	0.000798576092089242	0.0059604231920569	0.00117590203918843	0	0.00113891324096453	0	0	0.00791670846333857	0	0	0.00534166492611588	0	0.0273917127803736	0	0	0.000233190249672378	0	0	0	0	0	0	0.0574322456683403	0	3.67877721465906e-05	0.000153784949137387	0	0	0	0	0.00463958135113245	9.99099604199756e-05	0	0	5.02565193259435e-05	0	0.000261735952649514	0	0	0	0	0	0	0.000267364682814019	0.00138587377693222	0.0543822780234875	0	0.000480150785640064	0	0	2.91487812090472e-05	0	0	0	5.02565193259435e-05	0	0	0	0	0	0	0	0	0	0	0	0	0	0	0	0	0
SRR6915174	0.513901096201646	0.139331911569926	0.00586432286261735	0	0.00623971652965399	0.0167214617091441	0	0	0	0	0.00154749622250096	0.0062505451931262	0	0.00867927403837959	0.0135491646387989	0.00924527223560765	0	0.000706770822366805	7.35948054500262e-05	0	0	0	9.43497437717639e-05	0.0288388363999507	0	0.0216153157407658	0	0	0	0	0	0	0	0	0	0.0729086893005786	0	0	0.000404871695377665	0	0	0	0	0	0.000122624587282537	0	0.000622447618847088	0.000100566198728033	0	0	0.000580436415191011	0	0	0	0	0	0	0.000308917705165573	0.127300364063677	0	0.00140441749310425	0	7.28929476323829e-05	0.000453801211807655	0	0	0	0.00012112060624473	0	0	0	0	0.0129358411715812	0	0	0	0	0	0	0	0	0	0	0	0
SRR6915175	0.482345139228581	0.380856379266772	0.0010681821060498	0	0	0.00206861014288469	0.00390108629676966	0	0	0	3.0760749524867e-05	0.0475481772647501	7.03677276712645e-05	0.0030035961929853	0.00309537581493368	0.00423623773113537	0	0.00445367400963957	0	0	0.00977156424040752	0	0	0.01653551127482	0.00074710421721834	0.00467241711737196	0	0	0.00076328879458273	0	0	0.00309175690322487	0	0	0	0.00682858481854475	0	0	0.000216833126552739	0	0	0	0	0.00123304363945104	0	0	0	0.000509060247038976	0	0.00204609247002988	0	0	0.00108788506979775	0.00545098576139188	0	0	5.73999607147029e-05	0.000504335556752477	0	6.43362081565847e-06	0.00047206692734894	0	0	0	0	0	0.000131989752046243	0	0	0	0	0	0	0	0	0	0	0	0	0	0	0.0130643717941217	0	0	0
SRR6915176	0.498706874859364	0.419339637224595	0.0175032384407899	0.00133599752430744	0.00054148270812191	4.90255962638093e-06	0	0.000996020022053514	0	0	2.7414313012824e-05	0.0183066579060928	0	0.000602114363909397	0.00440459964147281	3.38176561983011e-05	0	0.00205577331924998	0	0	0.0110840870018237	0	0	0.00492156955146282	0	0.00653241057155941	0.000854045897363013	0.000354585128895797	4.9826014161994e-05	0	0	0	0	0	0	0.0025823482440182	0.00116430788514684	0	3.88202680619552e-05	0	0	0	0	0	0	0	0	0	0	0.00288300521702381	0	0	0.000948595261586074	0	0	0	0	0.000788311577474599	0	0	0	0	0	0	0	0.000246628764878143	1.80094027091545e-06	0	0	0	0	0	1.78092982346083e-05	0	0	0	0	0	0	0.000203506250613445	0	0.000275944070399155	0	0	0
SRR6915187	0.35107929693828	0.378321588638695	0.00157912144284249	0.0137086685746171	0	0.00195126176719405	0.0026912675270443	0.0200816278776752	0.00612141584318808	0	0	0.00440504796875281	0	0.0209243434670699	0.0036071062152384	0.000863977536584049	0	0.0375509611750095	0	0	0	0	0	0.00636902190543046	5.59110463127959e-05	0.0596546114801015	0	0	0	0	0	0	0	5.55735550875677e-05	0	0.00236941339525172	0	0	0	0	0	0	0.00455770649963101	0.00112890814838814	0	0	2.95867307450006e-05	0.000396102201342765	0	0	0	0	0	0.000858690174055475	0	0	0.00066069532192163	0	0	0.000516249077523984	0	0	0	0	0	0	0.000709406555429559	0	0	0	0	0	0.00158722123224796	0.000194507442806487	0	0	0	0	0	0	0	0	0	0	0
SRR6915189	0.39216252556293	0.238072992011431	0.00016205819509786	0.0337811308040717	0	0.00382007178777899	0	0	0.0386319727414114	0	0	0.000192169007890734	0	0.0027761969323184	0.0479448169837789	0.000775378438397228	0	0.0665954144133158	0.000928433400434096	0	0	0	0	0.0297794938162294	0.00280170609265787	0.061574811514815	0	7.38265111001361e-05	0	0	0	0	0	0	1.09039155960906e-05	0.0714308508185289	0	0	0.000210075438089818	0	0	0	0.000128446125003489	0.00233283772202598	1.64058913555858e-05	0	0.00018426616998164	0	0	0	0	0	9.20330490679203e-06	0	0	0	0	0.00016185812325206	0	0.000177963906838946	0	0	0	5.62201886697513e-05	0	0	0	0	0	0	0	0	0	0	0	0	0	0	0	0.0049650829612914	1.52054602807868e-05	0	0	0	0
SRR6915191	0.130375464300516	0.758583438756774	0	0.025018787191047	0.00165037706098552	0.000368102255408067	0	0	0	0	0	0.000986767422719138	0	0	0	3.5995795530207e-05	0	0.0313071923420252	0.000867820422405633	0	0	0	0	0.00127372831781191	0	0.0309015860873636	0	0	0.000100848555633513	0	0	0	0	0	0	0.011670882598808	0	0	0	0	0	0	0	0	0	0	6.75675268053048e-05	0	0	0	0	0	0	0	0	0	0	0	0	0	0	0	0	0	0	0	0.000539233104548883	0	0	0	0.0062462759936398	0	0	0	5.93226797844194e-06	0	0	0	0	0	0	0	0	0	0
SRR6915192	0.424670037335314	0.269462090181359	0.000114640880938143	0.0356593161121256	0	0.00157346109622691	0	0	0.0238971217136031	0	0	0.000225880549003775	0	0.00245167426704363	0.0428556823363211	0.000749567295697646	0	0.0544578196584902	0.000735562301516721	0	0	0	0	0.0251086537459258	0.0025961257784526	0.0663467592543501	0	9.03322124669657e-05	5.00178363604461e-06	0	0	0	0	0	0	0.0418261151926777	0	0	0.000224980227949287	0	0	0	0.000144251440063527	0.0017582269837424	0	0	0.000213276054240942	0	0	0	0	0	2.52089895256649e-05	0	0	0	0	0.000126044947628324	0	0.000129646231846276	0	0	3.20114152706855e-06	4.31153749427046e-05	0	0	0	0	0	0	0	0	1.92068491624113e-05	0	0	0	0	0	0	0.0041910945443145	8.50303218127584e-06	0	0	0	0
SRR6915193	0.496281464931677	0.276174613719718	0.000754916162571891	0.0225411981259104	0.00391249337709438	0.000373805099722393	0	0	0.00916528070210906	0	0	0.000511717663957322	0	0.00081766738011565	0.0292418672120185	5.53451727299822e-05	0	0.0542638901871708	0.000649830391565596	6.70547300706837e-06	0	0	0	0.00312404984948715	0.000810361416988546	0.0708105956081354	0	0.000607595919789732	0	0	0	0	0	0	0	0.0178965071291188	0	0	5.2442803816475e-05	0	0	0	0.000111490998953346	0.00330519770236467	0	0	0.00663891868543105	0	0	0	0	0	7.60620818712233e-06	0	0	0	0	3.90318578023383e-05	0	7.30596312710434e-06	0	0	0	0	0	0	0	0	0	0	0	0	0	0	0	0	0	0	0	0.00183810025743011	0	0	0	0	0
SRR6915194	0.213847278615272	0.606976839302316	7.52999924700008e-05	0	0.0220089977991002	0.00229799977020002	0.0120412987958701	0	0	0	5.59999944000006e-05	0.00154529984547002	0	0.0130012986998701	0	0.000286999971300003	0	0.0336841966315803	0	0	0.0850689914931008	0	0	0.000776499922350008	0	0.00110799988920001	0	0	0.000540599945940005	0	0	0	0	0	0	0.00252939974706003	0	0	0	0	0	0	0	0	0	0	0	0	0	0	0	0	0	0	0	0	0.00131529986847001	0	0	0	0.000122899987710001	0	0	0	0	0	0.000157099984290002	0	0	0	0	0	0	0	0.000444799955520004	0	0	0	0	0	0.00128959987104001	0	0	0	0
SRR6915196	0.705898361174884	0.130134452560268	0.0121319979958327	0.00257386963824701	0	0.00352200570463034	0	4.00353031303003e-06	0	0	0.000235107317632688	0.0170616449585244	1.31115617751733e-05	0.00156568061716822	0.000542578445673395	5.84515425702384e-05	0	0.00107234559434509	0	0	0.00366473156028986	0	0	0.0171541265087554	0	0.0100868946236792	0	0.000317680130338933	0	3.56314197859673e-05	5.26464236163449e-05	0	0	7.1062663056283e-06	0	0.0533281247403961	0.00113049687214185	0.000111798583991364	0	0	0	7.11627513141088e-05	5.05445702020041e-05	0.00381516421180197	0	0	0	0.000123508910156976	0	0.000973458395613252	0	8.29731657375474e-05	0.000413764857851654	0.000798704297449491	0	0.000152334328410793	0	0.00158139447364686	0.0202316402603816	0	0	0	0.000156237770465997	0	0	0.000215089666067538	0	0	0	0	0	0	0	0	0	0	0.00246287176031825	0	0	0	0	0.000148831239386891	0	0	0
SRR6915197	0.523800150384823	0.163884914559994	0.0180068303945549	0.000618460087447473	0.000862860455499809	0.0038583419021978	0	0.00899225147706531	0.0207438942460284	0	0.000242097537874047	0.0148167097362659	0	0.0025330130730668	0.00952370463299395	0.00389338497012829	0.0284048095108889	0.000434033427081884	0	0	0.0220739288585672	0.000530451925416337	0	0.0256428150196592	0.000900206353608585	0.00885798646536594	0	0	0	0.00012995972049649	0	0	0.000797680349149104	0.00086145873278259	0	0.0452037554154055	0	0.00091202087365372	0.000499513902586279	0	0.000167806233861416	0.00250788218720808	0.000325299793446145	0.00295493161094986	0.000178619523394252	0	0	0.00169197944273512	0	0.000532854878645856	4.71579571293119e-05	0.000102225635305791	0	0.00283318198065422	0	0.000806491177657341	0	6.23766609162661e-05	0	8.10996714962689e-05	0.00118225298892339	0.00381619009762999	0	0.000245101229410946	0	0.00258567779801376	0.000109534618045578	4.75584493342318e-05	6.20762917625762e-05	0	0	0	2.66327316271698e-05	0	0	0	0.00088699011084623	0	0	0.000590625879205544	0	0	0.000746717716073054	0.000540364107488103	0
SRR6915198	0.582963547878269	0.0920556915299765	0.091688304836877	0	0.00412740846148824	0.0325400502145296	0.0109069617020184	0.00755615033708206	0	0.0156609234454593	0	0.0044787476877857	0.000492356340820513	0.00207744487419338	0.000235195685317601	0.00212117422122897	0	0.000280529779033403	0	0	0.00384677838578732	0	0	0.0222527213244055	6.04788905102402e-05	0.009188779490856	0.00150986603273824	0	8.12403006853973e-06	0	0.000298382585850688	0	0	0	0	0.0706958111397703	0.00296888165504746	0	0.000352342192972594	0	0	0	0.000410313666795013	0.00011774828766007	0	0	0	8.5753650723475e-05	0	0.00154737698638804	0	0	0.000639993035399408	0	0.000497371174196155	0	0	0.000140816521188022	0.0208838724061903	0.000342011636218771	0	0	2.95875169162867e-05	5.97768138376504e-05	0	0	0	0	0.00114368289964887	0	0	0	0	0	0	0	0	0	0	0	0	0	0	0	0
SRR6915199	0.588770934095601	0.18318501806456	0.00829654125110669	0.00887052550727402	0	0.00591718106662527	0.00369314637081996	0.0120507891717767	0	0	0.000141233043677013	0.00642975517925641	0.000581184775509923	0.00218566621416546	8.07486811991663e-05	0.0117117475753023	0.0222230657116309	0.0006846665249193	0.000150902312508506	0	0	0.000259115831771592	0.00394249006919802	0.0180431642332512	0.00072334360024527	0.0231713741090515	0.000820447746808344	0	5.18437392667259e-05	0.00126698281061163	2.08815060935424e-05	0	6.66562362000761e-05	0	0	0.0656470319819296	0.00409709550593986	0.0017004540750362	0.000102967426599192	0.000929998505377914	0.000213752559913207	0.00422557334392427	0	0.00211828992603112	0.000184641888856692	0	0	0.000799463376152765	0.000902122209065845	0	0.000332869722752232	8.1263004009352e-05	9.14465956510303e-05	0	0	0	0	0.00130041379327371	0	0.000449621000664402	0.000196059855242816	0.00133518201524226	0	0.000167669236120562	0	0.00105323025069842	6.17187372222927e-06	4.00143146324531e-05	0.000232576774766006	0	0.000131872368531632	0	0.000507328019967246	0	0	0	0	0	0	2.13958289037281e-05	0	0.00277034838478464	4.94778543398713e-05	0	0
SRR6915200	0.553409617688552	0.348152760023359	0.0215698629972046	0.000662237036710006	0.0160906542299889	0.00480914529279908	0	0.000413597131108886	0	0	0.000152113840553389	0.00239669603922049	0.000228973472389733	0.00222642084963005	0.00250807226812172	0.00125544087929024	0	0.00169974172755568	0.000101543012295534	0	0.0130069374346543	0	0	0.00950701469564188	0.00153327941787358	0.00342707666497428	0	0.000357808677713316	0	0.000298006666519503	0	4.01355779824246e-06	0	0	0	0.00109961449777348	0.00595100248639906	5.7092859679999e-05	0.00010676063743325	0	0	0	0	0.00102636706795555	5.06711672028111e-05	0	2.95999887620382e-05	0.0018465376040264	0	0.00101603215662508	9.451928614861e-05	0	0.000941982015247506	0	0	0	0	0.000853282387906348	0	0	0.000187332810232967	0	5.79959101846036e-05	0	0	0	8.51877642676963e-05	7.42508192674856e-06	0	0	0	0	1.31444017892441e-05	0	0	0	0	0	0	0	6.95348888545507e-05	0	0	0	0
SRR6915202	0.0649954213851378	0.644333317559381	0	0.0105451708143992	5.87271260595269e-05	8.45390485865421e-05	0	0	0	0	0	0	0	0.0334787638410182	0	0.000675011787944852	0	0.182624654327834	0.000108950324154727	0	0.0357926326170058	0	0	0.0024942520950427	0	0.00121886299281638	0	0	0	0	0	0	0	0	0	0.000115553374103498	0	0	0	0	0	0	0	0.0043456072359823	0	0	0	0	0	0	0	0	0	0	0	0	0	0	0	0	0	0	0	0	0	0	0	0	0	0	0	0	0	0	0.000105748845391686	0	0	0.00250795842599697	0	0	0.000149168901115425	0	0	0	0
SRR6915203	0.249592898264527	0.225437443211577	0.0117822096215696	0.00783077323107164	0.0721896994311155	0.00085626989819724	0	0.000246983576444526	0.000209279222103015	0	0	1.90527322470401e-05	8.26286914292688e-05	0.00668740874117294	0.00089908840698401	3.39940854302453e-05	0.0001350738438777	0.0241425192505297	0	0	0.00415780756399487	0	0.000520139590344196	0.00518725677056389	0	0.0610864690203075	0	0.000261222986860734	4.95371038423043e-05	0	0	0	0	0	0	0.0199894247308275	0	0	0	0	0	0.00024196969953741	0	0.00196734502081411	0	0	0	0.000712873018653728	0	0.00135384704245941	0	0	8.25284138911265e-05	0	0	0.000252398563504211	0	0.000588428593819113	0.00804877659899303	3.92085174136458e-05	0	0	0.0001298594118943	0	0	4.74312755413157e-05	0.000205067565501037	0	0	0	0	0	0.00201648101450384	0	0	0.0186530259800049	0	0.000133669958343708	0	0	0	0	0	0	0
SRR6915204	0.461677120908822	0.37069822265698	0.000139314223481447	0.00407216176314319	0.0190854476929174	0.00319280958329624	0	0.0435774089817913	0.0083019659330152	0	0.000811948533259593	0.00163511431528261	0	0.0015735196010906	0.00149129316149443	0.00528933340798145	0	0.00754269840734097	0.000226448209411612	0	0.00676139700016716	0	0	0.00835644971272326	0	0.0134517848095016	0	0	0	0	0	0	0	0	0	0.0288215188495349	6.81047246350714e-06	0	0.000952164142802387	0	0	0	0	0.00166215589712301	0.00318099141049191	0.000110670177531991	1.36209449270143e-05	0.000256694719470129	0	0.000876748175669727	7.56162751462925e-05	0	0	0	0	0	0	0.00109438283248151	0	0	0	0	0	0.000147727160054015	0	0	0	3.97611407060637e-05	0	0	0	0	0.00450602892067132	0	0	0	0	0.000370669979227057	0	0	0	0	0	0	0
SRR6915205	0.270936640720655	0.470696921222812	0.0307553035410211	0	0.00011662302996342	0.00208920094006456	0	0.0173256508460227	0	0.000199159363398069	0.00121296042959352	5.79574988456545e-05	0.00035694941261137	0.014431417212568	0.000607491689471206	0.00359892803914002	0	0.00506455484240972	0	0	0.0190523392627665	0.000208566077870401	0.014758932712153	0.0087893103310506	0.000630654459515979	0.0192213566808661	0	0	0	0.0023388328897174	0	0	0.000263994890029945	0	0	0.00230403816091652	0	0.000219388856886954	7.89961720740946e-05	0	0	0.000487025055744898	0.00138875472801193	0.000572798108137769	0.00153471052353423	0	0.000317198457905711	8.49638726533155e-06	0.000401757740689249	0.00388001685116808	0	6.0688480466654e-05	0	0	0	0	0	0	0.0361321006154318	0.00126444449052274	0	1.54755625189968e-05	2.68040788727722e-05	0	0.000287562249944495	0	0.000336517624187596	0	9.36625548535359e-05	0	0	0	0.000815147440134607	0	0	0	0	0	0	0	0	0	0	0	0
SRR6915206	0.328560751496948	0.195836657258981	0.0113814913134058	4.23325306592326e-05	0.00443905903415249	0.00145030017052201	0.0298698130833823	0.000918369318039371	0	0.0111407507324966	0.000577448597827396	6.01080835816773e-05	0	0.00641615261411597	0.0167707718124529	0.00985628722334356	0.000468021061050496	0.0422645109133675	0	0	0.0537669376359624	0	0.0069120186164496	0.0156972517145702	0.0014458819695066	0.0190097722386552	0	0	0	0	0	0	0.000208066443167345	0	0.00527224954656928	0.15720308558939	0.00669038932365357	0.000826820083045739	0.000120524413745825	1.29463564637459e-05	3.80170785046506e-06	0.00140354943884737	0.000100180139302796	0.00147989184243914	0	6.39097914321424e-05	0	0.000434524932422074	0.000166761401116346	0.00314822509562836	0	8.63090430916392e-06	0	0.000286258326253937	0	0.000150321583384605	0	0.000133676267931217	0.0026258498872023	0.0211017390450192	0	0	0	0	0.000536554551219691	0	0.000584332771502562	0	0.000378937798716626	0	0	9.35014633492759e-05	0.000271256992573723	0	0	0	0.00016203495351847	0	0	0	0	0	6.43207868754359e-05	0.000443464083313708	0
SRR6915207	0.29884973780575	0.341886980480978	0.0467326958845739	1.30019463913748e-06	0.000197229525259931	0.00309126276203548	0.037374995036757	0.00053928073032533	0	0.0277635562043638	3.00044916724034e-06	0.00118837790017166	0	0.0116847492069563	0.00530539421751436	0.00876291180789764	0.0280359969887492	0.00449837340649895	0	0	0.00701405000328549	0	0.00540700942931157	0.00100455038119206	0.00636965353713451	0.00916567210111354	0	2.07030992539583e-05	0	0	0.000107616110131687	1.61024105308565e-05	0.000117317562439097	0.00227194010943438	0	0.00509366252127944	0	0.00229324329852179	0.000189028297536141	0.00148782272706224	0.000176826470922697	0.000113416978521685	0.000988447970661208	0.00537480460824986	0.00149002305645155	6.5309776873598e-05	0	0.000111516694049099	0	0.000395959275103483	8.331247187704e-05	0.000366054798403321	0.000130319508830472	0.0021960287455032	0	0	0.000172225782199595	0	0.058324131122429	0	0.000437465488583641	0.000564384488357907	0	1.41021110860296e-05	0.00105705824161877	0	8.50127264051429e-05	1.04015571130998e-05	0.00112236801849237	0	0	0	0.000304445575502653	0	1.30019463913748e-06	0	0	0	0	0.00015472316205736	0	0	0.000163224434697874	0	0
SRR6915212	0.407026332261052	0.324343620942045	0.00423180748851888	0	0	0.00195140953731629	0	0.00533766709375307	0.000130256282278755	0.000199442251526504	0.000159371198956327	6.0461638814749e-05	0.000292467960910942	0.0104452553337614	0.000277859779720801	0.012165875897414	0.00334202723005552	3.14481678398862e-05	0	0	0.0123184502342889	0.00010144570270931	0.00697966723780597	0.0102510882587758	0.0016704049408115	0.0981210226944182	0	0	0	0	0	0	5.17373083817483e-06	3.91580412457938e-05	4.65635775435735e-05	0.00552605176368426	0	0.000291656395289267	0	0.000184631178930945	0	0.00218564766487209	0.000108546901898962	0.00796085007441042	0	7.0910546193808e-05	0	1.44052897847221e-05	0	0.0026248061119007	0	4.39259892731314e-05	0	0	0	7.07076547883893e-05	0	0	0.00441846758150401	0.00450540654872589	0	0.000565762684009824	0	0	7.26351231398662e-05	0.000342886475157469	5.60994735982486e-05	0	0	0	0	0	0.00112919211685733	0	0	0.00185371732560723	0	0	0	0.000773422037455782	0	0	0.00223413871076714	0	0
SRR6915214	0.398736080006724	0.254001959056224	0.034548235309783	0.00541268343265932	0.000516603292779039	0.00696842290980602	0.00070021279977763	0.102418319256258	1.28994781120823e-05	0	0.00967065551818868	0.000483314317005923	0.00058006040284654	0.00361279012382667	0.0223630137841326	0.00242572605336722	0	0.0170758922069675	0	0	0	0.000479049166984993	0.0337876862414166	0.000768455200112517	0	0.00330746779915762	0	0	0	0.00629057614062595	0.000583909440670307	4.23394160614315e-05	7.57324198838381e-05	0	0	0.000120984621325417	0	0.000145743297056672	0	0.000396867008045113	4.37958087515053e-05	0.00193190490338291	0.000610852705436672	0.00890490504735773	0	0	0	0	0.00177711116603792	0.00254910331982633	0	0	0	0	0	0	4.15071916671036e-05	0	0.0045449854735232	0.0039897877744572	0	0	0	0	0	0	1.04028049290986e-05	0	0	0	0	0	0.000359000798103194	0	0	0	0	0	0	0	0	0	0.000106004582227515	0	0
SRR6915215	0.42721679695111	0.0502809104063887	0.0253509886290128	4.86325978692064e-05	0.0126711818084988	0.00586137111712091	0.306229596780688	0.000322139002979786	0	0	6.31808109070031e-05	0.00123067490719019	0.00669373673449771	0.00627318946189797	1.30933917340171e-05	0.0143078557752509	0.0532001132682301	0.0010356249366763	0	0	4.23976494244363e-05	5.64262834251689e-05	0.00283835636367415	0.0175566795782057	0.00308879345953908	0.0116993611775739	0	0	0	0.00375801125927773	0	6.23494844477005e-06	2.20301511715208e-05	0	0	0.000341571258965986	0.00735183554284319	0.00825018769792714	0.000509603119552539	0	0	3.53313745203636e-06	0.00229934507062378	0.00280458372626498	0.000538076050783655	0	0	0.000105474544524027	0.00573708781145516	0	6.47395480181957e-05	0	0	0	0	0	0	0	3.49157112907123e-05	0	0.000474687408261826	0	0	0.000330140520150574	0	1.53795394970994e-05	5.37244724324352e-05	0	0.00187422550249788	0	0	0	0.00091664133718861	0	0	0.000270700678310433	0	0	0	0.000349572776136774	0	0	0.00275875685519592	0.000721383535059894	0
SRR6915216	0.200805047349789	0.583103205736432	0.00795324992394365	0	0	0.000606140773507942	0	0	0.00196315286810045	0.000101743264882112	0	2.80220838125461e-05	0	0.00119390147053669	0.000338675507583891	0.00310733773832456	0.00104585648293922	0.0183324690679885	0	0	0	0	0.0156538993432688	0.00843806210517361	0.000859544778737526	0.0437885736789471	0	0	2.25984546875372e-05	0	0	0	0	0	0	0.0381520168919933	0.00172029480839172	0.000580930941834289	4.46947214931291e-05	0	0	0.000724556676070637	0	0	0	0	0	0	0	0	0	0	1.39608231180785e-05	0	0	0	0.000606642961389887	2.90264595764367e-05	0.00249255933324716	0.000949135096876562	0.000182294201146133	0	0	0.00103209653497392	0	0.00194236228978792	0.000950139472640453	0	1.63713249514158e-05	0	0.000714814231160899	0	0.017597366446397	0.000584647132160684	0	0.0389038925888418	0	0.000439514834278501	0	0	0	0.000188521330882255	0	0.000134385477208555	0
SRR6915217	0.25310433069343	0.344369155969537	0.0474444005984625	0.00115952357337853	0.000994523338740558	0.000258754935561982	0	0.0461007841932589	0.00965824150547741	0	0.00033874286904056	0	8.34045035015321e-05	0.00663638580752793	0	0.0162193622851467	0.0249778400263438	0.0254446037838915	0	0	0	0	0.0330889782355446	0.00104215434435469	0.00886519531073755	0.0395556409028146	0	0	0	0.00446716530501278	0	0	0	0	0	0.0100940551581113	0	0.00250736044743401	0	0	0	0.00660433034172433	0.000507461135762334	0.000266994898558519	0.00277505875746784	0	0	0.000133849155016917	0	0.00295794574104952	0	0.00042275029666379	0	0	0	0	0	2.23081925028194e-05	0	0.00189991439482345	0	0.00112656372139238	0	0	0.000228809704184324	0	0	5.40621962455714e-05	0.000341857977002665	0	0	0	0.000252323744930539	0	0	0	0	0	0	0.000181078211216579	0	0.00078540915586503	0.000715871907162548	0	0
SRR6915221	0.358890524798142	0.113008725510393	0.00838135434530539	0.0442608071603819	0.0469640404827542	0.00564081140157828	0	0	0	0	0	7.36108745647505e-06	0	0	0.0133263917270251	0.00052939327597937	0	0.0576081729448172	0.000133407105546801	0.000300090359869449	0.00696056362939123	0	0	0.0219159740942157	0	0.0225127263622625	0	8.06694515778088e-05	0	0	0	0	0	0	0	0.297132715264163	0	0	0	0	0	0	0	0	0.000644347244477747	0	0	0	0	0	0	0	0	0	0	0	0	0.000597962309820507	0	0	0	0	0	0	0	0	0	0	0	5.7174473805772e-05	0	0	0	0	0	0	0	0.00103690496321826	0	0	9.88200781828157e-06	0	0	0	0
SRR6915222	0.260666028566883	0.49688318823747	0.00159688287822138	0.000600731177948135	0.0142555398625189	0.00330347145016826	0.0962640961065879	0	0	0	2.11010951468381e-05	0.0037147927977462	0	0.00794451232018942	0.00145547553918048	0.00127106596832376	0	0.025921345317822	0.00116486045625768	0	0.00990991432455345	0	0	0.00626142496795584	0	0.035228928381383	0	0	0	0	0	0	0	0	0	0.0277563405540748	0	0	0	0	0	0	0	0.00485145179034792	0	0	0	0	0	0	0	0	0	0	0.000888646120733666	0	0	0	0	0	0	0	0	0	0	0	0	0	0	0	0	0	0	0	0	0	0	4.02020864882887e-05	0	0	0	0	0	0	0
SRR6915224	0.178948352908427	0.656268172548572	0.00312562587044539	0.0454209271342996	0.000236492429932951	2.72916252918629e-06	0.00249487442283461	0.000684075084719503	0.0276521896490843	0.000279634191452011	0	2.41425916043403e-06	0.000175401176395011	0.00417194479701959	0.000557483930481093	0.00154858979973405	0.000582676199981274	0.0125683182858508	2.22531713918267e-05	0	0.00114299426078114	0.000319836854862717	0.013682026533338	0.0146053232105196	0	0.00413457626392765	0	0	2.09935579168176e-06	0.0016749710183933	0	0	0	0	0.000218647905703656	0.0147267709430684	0.00626458265016797	0.000953002561633937	0	0	0	0.000797965136418239	0	0.000485056155668072	8.19798436651729e-05	0	0	0	0	0.0007045438036884	0	3.04406589793856e-05	0	0.000204477254109804	0.000119768247915445	3.44294349835809e-05	0.000475714022395088	0	0	0.00119232912188566	0	0	0	0	0	0	0.000165114333015771	0	4.12523413065467e-05	0	0	0.000757657505217949	0	0	0	0	0	0	0	0	0	0	0.000556329284795668	0.000239116624672553	0
SRR6915225	0.391627859146332	0.00468681273226117	0.000658526599002717	1.62055763388182e-05	0.193877413217888	0.016209577715692	0.321996999167413	0	0.0481471674403162	0	0	1.30044748397924e-05	0	0	0.00625095095222266	0.00158624582718914	0	0	0	0	0	0	0	0.00214493807319098	0	0.00610470062748592	0	0	0	0	0	0	0	0	0	1.96067466815331e-05	0	0	0	0	0	0	0	0	0.000422345329027718	0	0	0	0	0	0	0	0	0	0	0	0	6.55225463081846e-05	0	0	0	0	0	0	0	1.1503958512124e-05	0	0	0	0	0	0	0.00403038685611719	0	0	0	0	0.000712445152376933	0	0	0	0	0	0	0
SRR6915226	0.283675612079287	0.615131032832917	0	0.0073743347746965	0.00216894552463339	0.00130724798047139	0.00364501261542807	0	0	0	0.00130254744837116	0.00217984675865308	0	0.00160708192167353	0.0167439954202816	0.00122953918383561	0	0.00579385586448386	0.00439749779675059	0	0	0	0	0.00166568855594453	0	0.0246778935375484	0	0	0	0	0	0	0	0	0	0.0192731817241712	0	0	0	0	0	0	0	0.00612889379077712	0	0	0	0	0	0	0	0	0	0	0	0	0	0	0	0	0	0	0	5.83066003071548e-05	0	0	0	0	0	7.69087060655266e-05	0	0	0	0	0	0	0	0.00107882212266429	0	0	0	0	0	0	0
SRR6915227	0.414056707703171	0.23856004072872	0.00829127588033936	0	0.0029615094788429	0.000982214256002536	4.37910598073618e-05	0.03586861994346	0.00737783280371097	3.5599198734853e-05	0	0.000929017726074886	6.18940614367331e-05	0.000189221877366222	0.00903602729932646	0.0069490242734957	0	0.0686763156002465	0	0	0	0.00261016965951086	0.000714411192792619	0.018152051661719	0	0.0863555654037682	9.14252149326907e-05	0	0	0.000531055092490663	0	0	0	0	0.000589207192696743	0.0161219871270466	0.00331345610269883	0	0	0	0	0	1.7091660756222e-05	0.00893448867566228	0	0	2.76096058369741e-05	0.000508097654670175	0	0.000634009593377254	0	0	0	0.000572115531940521	0	0.000285299260315399	0.000325247224804794	8.73798514400938e-05	0.0140691674227282	0	0	2.01256833756697e-05	0	5.55226139358929e-05	0.000188109402405757	0.00342389452604673	0	0	0	1.21360904777908e-05	0	0	0.0309666507313056	0	0	0	0	0	0	0	0	0	0.000219056433124124	0	0
SRR6915228	0.338879656850171	0.417627630393505	0.00899366244459652	0.00902036352064988	0.000473319074758713	0.00423187054438294	0	0.0207112346627569	0.0037945529204827	0	0.000116404691109052	0.000751930302791203	0.00135175447570537	0.00691227856482616	0.000264710667839914	0.00468068863175186	0	0.0197169945948822	0	0	0.00217498765200238	0	0.0204674248372209	0.0093438765582253	0	0.0121226885443483	0	0	0	0.00503800303152217	0.000721129061501178	0	0	0	8.10032644315566e-06	0.0268591824250517	0.00180447272025063	0.00146135889276338	0	0	0	0.00233699418086549	2.070083424362e-05	0.00213598608023903	0	0.000682327497798161	0	0.000346213952422283	0.00148765995269609	0.00491809819935743	0	0.00107304324364272	0	0.00301862165045251	0.00119104799923437	0	0.000310112497533651	0	0	0.00383235444388409	0	0	0	0	0	0	0.000336113545375879	0	0.000712328706846886	0	0.000860034659396774	0	0.000519320928633424	0	0	0.0170826884323438	0.000184707443709982	0	0	0	0	0	0.000131005279512764	0	0
SRR6915229	0.355290717021184	0.261594453511248	0.00224683871332586	0.0083184048884062	0.00458222676015195	0.00330389638198492	0	0.00156792694840985	0	0	0	0.00261351345341093	0	0.0166233261283021	0	0.00511684336115963	0	0.016937676262228	0.00192957047636422	0	0.0108508152022703	0	0.00147756637854256	0.000826829401558448	0.000903303825945015	0.0463241813236777	0	0	0	0	0	0	0	0	0	0.006163134235859	4.86015091825156e-05	0.0011890766749685	0.000502215594885994	0	0	0	0	0	0.000784667843903222	0	0	0	0	0	0.000131113388125917	0	0	0	0	0	0	0.000147112642701527	0	0	0	0	0	0	0	0.123219718165584	0.000139062703292415	0	0	0	0	0	0	0	0	0	0	0	0	0	0	0	0	0	0.00269813844144922
SRR6915230	0.201350023823531	0.0213450483257694	0.00481806592442885	0.000482376850065931	0.00577956100957188	0.129952649269261	9.15467148425738e-05	0.000169549811137804	0	0	0.0144930974897158	0.00480767908915194	0	0.0220970755661614	0.00506317487062026	0.00585257435166545	0	0.00531846698865177	0	0	0.000814551915490264	0	0	0.364465292339006	0.000246738253685825	0.00391339293815363	0	0	0	0	0	0	0	0	0	0.0201649205412193	0	0.000104683006516313	0.000226982900316014	0	0	0	0	0.000978908308989612	0	0	0	0	0	0.00201300940935261	0	0	0	0	0	0	4.88792248325199e-06	0.00135232522036638	0	0	0.00166779988397294	0	1.91443630594036e-05	0	0	0	0.013071628532555	0	9.01210707849586e-05	0.00370708187667303	0	0	0	0	0	0	0	0.000390320976631352	0	0.160699209164692	0	0	0	0.00130303866866026	0
SRR15095771	0.449960805759167	0.415559668681253	0	0	0	0.001915016854737	0.000648889172924667	0	0	0	0	0.0351923025585062	0	0.0143009430077717	0.000575779172609172	0.0130788026705475	0	0.00583899135299814	0	0	0.00827811489049477	0	0	0.00786220696338878	0.00192533112864043	0.00736398708572011	0	0	0.000651012699904785	0	0	0	0	0	0	0	0	0	0	0	0	0	0.00204485536152137	0.00190389361817448	0	0	0	0	0	0.00131709232933517	0	0	0	0	0	0	0	0	0	0	0.00134186681076988	0.00340583391511231	0	0	0	0.0122331333307986	0	0	0	0	0	0	0.000228228590196505	0	0	0	0	0	0	0.00418395487282703	0	0	0	0	0
SRR15095770	0.601439666235883	0.249056375197806	0.00127294352510769	0.000859762931377905	0	0.00458758141547398	0	0	0	0	0	0.0195066184483041	0	0	0	0.0375485653184892	0	0.0340244259700908	0	0	0	0	0	0.0271275276539882	0	0.0126226926749465	0	0	0	0	0	0	0	0	0	0.0109440252145373	0	0	0	0	0	0	0	0	0	0	0	0	0	0	0	0	0	0	0	0	0	0.000894799011390097	0	0	0	0	0	0	0	0	0	0	0	0	0	0	0	0	0	0	0	0	0	0	0	0	0	0	0
SRR15095769	0.196964809018262	0.496253565163813	0.0133439525330991	0.0154183845447148	0.0183476841856404	0.00159598675225766	0.0384756577695291	0	0	0	0	0.00110581587594418	0	0.00255498186888896	0	0.00183370609771167	0	0.00212564389421569	0	0	0.0010849703346902	0	0	0.0221888760374791	0	0.00298802794465068	0	0	0	0	0	0	0	0	0	0.000884632656965673	0	0	0	0	0	0	0	0.00619593626195149	0	0	0	0	0	0	0	0	0	0	0	0	0	0	0	0	0	0	0	0	0	0	0	0	0	0	0	0	0	0	0	0	0	0	0	0	0.0176109746964193	0	0	0	0.00798384230027341
SRR15095768	0.436120818914329	0.252338559975197	0.19317815735764	0	0	0.00143932181535403	0.00851566195034164	0	0	0	0	0	0	0.00303936940219927	0.0034009773528876	0	0	0.00460356663004523	0	0	0.00689578651131244	0	0	0.027908603214936	0	0.00157000538656651	0	0	0.000186261641728136	0	0	0	0	0	0	0.0332472023451342	0	0	0	0	0	0	0	0	0	0	0	0	0	0	0	0	0	0	0	0	0	0	0	0	0.000292210468044462	0	0	0	0	0	0	0	0	0	0	0	0.000134388775913526	0	0	0	0	0	0	0	0	0	0	0	0.0268539217038174
SRR15095767	0.6373630056034	0.122429812589039	5.65542615497739e-05	0.0103554676851264	0	0.00215409345682288	0.00141929057811034	0	0	0	0.0135587332610204	0.000818124815657762	0	0	0.00152837388686471	0	0	0.00392599281157096	0	0	0	0	0	0.0109653882887797	0	0.0258789080680289	0	0	0	0	0	0	0	0	0	0.0299485004013642	0	0.00033419342100854	0	0	0	0	0	0.00330892745245492	0	0	0	0	0	0	0	0	0	0	0	0	0	0	0.0149381742171134	0	0	0	0	0	0	0	0	0	0	0	0	0	0	0	0	0	0	0	0	0.0013331509911235	0	0	0	0	0
SRR15095765	0.52815974364403	0.297922308147805	0.00196925340484024	0.00728886780280184	0	0.00531911435900857	0	0.00642890081137321	0	0	0	0.0208733260320979	0	0.0148656580347609	0.00196925340484024	0.000297023138102458	0.0171045324430773	0.00102327971348968	0	0	0.00802012476771941	0	0	0.00617568108555656	0	0.00203155825838833	0	9.20071673583372e-05	0	0	0	0	0	0	0.00309784132183897	0.000634449423610099	0.00673012427668115	0	0	0	0	0.00738607537527173	0	0.00189704778002206	0	0	0	0	0	0.00170233261171045	0	0	0.00010510818792784	0.00435023888360903	0	0	0	0	0.0156091159501325	0	0	0	0	0	0	0	0	0	0	0	0	0	0	0	0	0	0	0.0143930212163528	0	0	0	0	0	0	0
SRR15095764	0.668834014732396	0.232331188235992	0.00235112629440567	0.00981861028420417	0	0.000202874249881271	0.00914957832864038	0	0.00975971130843219	0	0	0.00659668528646196	0.000204283798019404	0.00257313012616161	0.00226997659445317	0	0	0.00255883328076054	0	0	0.00144277320138889	0	0	0.0104413285152293	0	0.00667662680229607	0	0	0	0	0	0	0	0	0	0.000411990784374273	0.00714882542857059	0.000662789670952062	0	0	0	0	0	0	0	0	0	0	0	0.000748570743358436	0	0	0	0	0	0	0	0	0	0	0	0	0	0	0	0.014069807468813	0	0	0	0	0	0	0	0	0	0	0.00178458862488612	0	0	0.00321870317342647	0	0	0	0	0
SRR15095763	0.4941237	0.3832745	0.0041697	0	0	0.0004242	0.0191469	0	0.0095276	0	0	0.0035794	0	0.0032807	0.002315	0.0004349	0	0.0073794	0	0	0.0093427	0	0	0.0050479	0.0006368	0.0027296	0	0	0	0	0	0	0	0	0	0.0155381	0.0018945	0	0	0	0	0	0	0	0	0	0.0022559	0	0	0.0007491	0	0	0	0	0.0011471	0	0	0	0	0	0	0	0	0	0	0.0016532	0	0	0	0	0	0	0.0009759	0	0	0	0	0	0	0.0068363	0	0	0	0	0
SRR15095762	0.3180845	0.4369615	0.0015239	0.0104376	0	0.0019369	0	0	0	0	0	0.0137406	0	0.0022249	0.0101609	0	0	0.0008941	0	0	0.0002794	0	0	0.0452789	0	0.01511	0	0	0	0	0	0	0	0	0	0.0715028	0.0436669	0	0	0	0	0	0	0.002379	0	0	0	0	0	0.0021478	0	0	0	0	0	0	0	0	0	0	0	0	0	0	0	0.0236703	0	0	0	0	0	0	0	0	0	0	0	0	0	0	0	0	0	0	0
SRR15095760	0.346435865356413	0.527965747203425	0.00097009990299001	0	0	0	0.00798669920133008	0	0	0	0	0	0	0.0286249971375003	0	0.00130219986978001	0	0.0235073976492602	0	0	0.0110628988937101	0	0	0.0112736988726301	0	0.00495049950495005	0	0	0.000149599985040001	0	0	0	0	0	0	0.0139017986098201	0	0	0	0	0	0	0	0	0	0	0	0	0	0	0	0	0	0	0	0	0.000375099962490004	0	0	0	0	0	0	0	0	0	0	0	0	0	0	0	0	0	0	0	0	0	0	0.00214469978553002	0.00187849981215002	0	0	0	0.00912429908757009
SRR15095759	0.327421	0.4456334	0.0012287	0.0040839	0	0.000551	0.0145127	0	0	0	0	0.0031915	0	0.0022608	0	0	0	0.0403614	0	0	0.018984	0	0	0.0061368	0.004775	0.0370346	0	0	0	0	0	0	0	0	0	0.0004442	0	0	0	0	0	0	0	0.0565899	0	0.0002391	0	0	0	0	0	0	0	0	0	0	0	0	0	0	0	0	0	0	0	0	0	0	0	0	0	0	0	0	0	0	0	0	0	0	0.0004603	0	0	0	0.0063685
SRR15095758	0.549690463887554	0.361985228423911	0	0	0	0.0015933875572242	0.00176073697265209	0	0	0	0	0.00178204512644831	0	0.00814705199179475	0.00449521636972783	0.00590577594697406	0	0.00475573870293448	0	0	0.0106856370881684	0	0	0.00388642633414422	0.00176365176727516	0.0206663964283514	0	0	0	0	0	0	0	0	0	0	0	0	0	0	0	0	0	0	0	0	0	0	0	0.0041707695751325	0	0	0	0	0	0	0	0	0	0	0	0	0	0	0	0	0	0	0	0	0	0	0.00358047340888146	0	0	0	0	0.000252984071250446	0	0	0.00226268470877634	0	0	0	0.0124366245753571
SRR15095757	0.489997466809129	0.127397362155597	0.0398549582441794	0	0	0.0169679919141935	0.0192816327746541	0	0.00365389573231304	0	0	0.0574428320645444	0	0.000819843811388177	0.000149155257870771	0.0033783359843589	0	0.00177149924601099	0	0	0.00259919870367553	0	0	0.00425663804660888	0.0169913548102622	0.00285537438938929	0	0	0	0	0	0	0	0	0	0.110793178483242	0	0.00613903453291092	0	0	0	0	0	0	0	0	0	0	0	0	0	0	0	0	0	0	0	0	0.0106315460105713	0	0.0031996965476067	0.00770373644123104	0	3.68297182567362e-05	0	0.0172057017300888	0	0	0	0	0	0	0.000422980642361297	0	0	0	0	0.00612077270585287	0	0.000482255064264798	0	0	0	0	0
SRR15095756	0.533464418377762	0.242100246987073	0	0.0131586134048488	0	0	0.00212141301259589	0	0	0.00582045658283938	0	0	0	0.00513316206090143	0.000307669026297684	0.00207641516477581	0.00187718193211138	0.0112695055397963	0	0	0	0	0.00307689069882459	0.0143025007879634	0.00146197907349532	0.04148651242126	0	0	0	0	0	0	0	0	0	0	0.00609635652726855	0.00137428839010428	0	0	0	0	0	0	0	0	0	0	0	0.00726579948097137	0	0	0	0	0	0	0	0	0	0	0	0	0	0	0	0	0	0	0	0	0	0	0	0	0	0	0	0	0	0	0	0	0	0	0.024832999357102
SRR15095755	0.437002808186793	0.428794463586976	0.000780975025415676	0.0245756878597407	0	0.0145517147965814	0.0123206740856776	0	0	0	0	0.0047431518661577	0	0	0.0135539197544385	0.00950161104422554	0	0.00363065269068807	0	0	0	0	0	6.89836095950662e-05	0	0.0244551427784483	0	0	0	0	0	0	0	0	0	0	0	0	0	0	0	0	0	0	0.00118772655702805	0	0	0	0	0	0	0	0	0	0	0	0	0	0	0	0	0	0	0	0	0	0	0	0	0	0	0	0.00593621584115441	0	0	0	0	0.000116617547315455	0	0	0	0	0	0	0.0179500387466333
SRR15095754	0.578020823314879	0.204536534556112	0.0346946253919623	0.0213572848449716	0.00993480843335473	0.00306757722456117	0.0240883933740897	0	0	0	0	0.0153964199690437	0	0.00140905096753925	0	0.00311884480023155	0	0	0	0	0	0	0	0.0003060916476541	0	0	0	0	0	0	0	0	0	0	0	0	0	0	0	0	0	0	0	0	0	0	0	0	0	0	0	0	0	0	0	0	0	0	0	0	0	0	0	0	0	0	0	0	0	0	0	0	0	0	0	0	0	0.00167689377428965	0	0	0.000755086616468175	0	0	0	0.0134289762924803
SRR15095753	0.524539432553413	0.0844668625046745	0.0557537556370752	0.008078085965995	0	0.0012468726424704	0.0333125212084278	0.00481756552959782	0	0	0	0	0	0.0029471535185664	0	0.00917049066705522	0.0178059596184322	0.000676196552057087	0	0	0.0211778742140452	0	0	0.0138481179281841	0.00197242886359718	0.00103943837558669	0	0	0	0.00553827852641087	0	0.00256989725872473	0	0	0.000512969587951871	0.0364046623144285	0	0.0102126082731133	0	0	0	0	0	0	0	0	0	0	0.0017101734193751	0	0	0	0	0.0147927527640127	0.00905518070945817	0	0	0	0.0249578562199211	0	0	0.0108877743519122	0	0	0	0	0	0	0	0	0	0	0.0005822173909056	0	0	0	0	0	0	0.000477521307868416	0	0	0.00181991882137766	0	0
SRR15095752	0.567448886123156	0.200019887614928	0	0.0338331032157191	0.0835737923737011	0	0	0	0	0	0	0.0139742571665081	0	0	0.00427272976961441	0	0	0.000217921748249659	0	0	0	0	0	0.0447355057478615	0	0.0111740529174951	0	0	0	0	0	0	0	0	0	0	0.00386134483179629	0	0	0	0	0	0	0	0	0	0	0	0	0.000700978282203251	0	0	0	0	0	0	0	0	0	0	0	0	0	3.16758382920388e-05	0	0	0	0	0	0	0	0	0	0	0	0	0	0	0	0	0	0	0	0	0
SRR15095751	0.291812729181273	0.569184356918436	0.00360030036003004	0	0	0	0	0	0.00485610048561005	0	0	0.00258890025889003	0	0.00463970046397005	0	0.00409710040971004	0	0.0190924019092402	0	0	0.0346536034653603	0	0	0.00134980013498001	0	0.0500105050010505	0	0	0.000102200010220001	0	0	0	0	0	0	0.0102807010280701	0	0	0	0	0	0	0	0	0	0	0	0	0	0	0	0	0	0	0	0	0	0	0	0	0	0	0	0	0	0	0	0	0	0	0	0	0	0	0	0	0	0	0	0	0.00373160037316004	0	0	0	0
SRR15095749	0.416622560909841	0.412111883972177	0	0.0120294082972335	0	0	0.0524859342351811	0	0	0	0	0	0	0.0137545746658205	0	0.00112546185625453	0	0.002835176577711	0	0	0	0	0	0.00927740974206285	0	0.00619821754213459	0	0	0	0	0	0	0	0	0	0.000631811831045269	0	0	0	0	0	0	0	0	0	0	0	0	0	0.0015789777330728	0	0	0	0	0.00271597815698974	0	0	0	0	0	0	0	0	0	0	0	0	0	0	0	0	0	0	0	0	0	0	0	0	0.00593393417497987	0	0	0	0	0.0143529748183303
SRR15095748	0.5265496	0.4015344	0.0022522	0	5.78e-05	0	0	0	0	0	0	0.0022666	0	0.0011267	0	0	0	0.0213387	0	0	0.030007	0	0	0.0003522	0	0.0020681	0	0	0	0	0	0	0	0	0	0.0124467	0	0	0	0	0	0	0	0	0	0	0	0	0	0	0	0	0	0	0	0	0	0	0	0	0	0	0	0	0	0	0	0	0	0	0	0	0	0	0	0	0	0	0	0	0	0	0	0	0
SRR15095747	0.483385318780217	0.451107301051604	0	0.0199733242341249	0	0.000677927137727232	0	0	0	0	0	0	0	0.00508450368291265	0	0.00228774080254778	0	0	0	0	0	0	0	0.00637857320961138	0	0.0143769900757244	0	0	0	0	0	0	0	0	0	0.0115697960040112	0	0	0	0	0	0	0	0	0	0	0	0	0	0	0	0	0	0	0	0	0	0	0	0	0	0	0	0.000894875857789963	0	0	0	0	0	0	0	0	0.000628178378988853	0	0	0	0	0	0	0.00262815872020516	0	0	0	0	0
SRR15095746	0.548707328110983	0.321326933551198	0.000634972126105344	0	0	0.000638676630783032	0.0289669237793156	0	0	0	0.00105828687684224	0	0	0.00105368127643214	0.0081258810713828	0	0	0.0040113778354479	0	0.000577201877483019	0.00636233660130719	0	0	0.000992707131872357	0	0.00598487761117519	0	0	0	0	0	0	0	0	0	0	0	0	0	0	0	0	0	0	0	0	0.00875234284890427	0	0	0	0	0	0	0	0	0	0	0	0	0	0	0.000818895777265154	0	0	0	0	0	0	0	0	0	0	0	0	0	0	0	0	0	0	0	0	0	0	0
SRR15095745	0.535774653577465	0.322655532265553	0.00787480078748008	0	0	0.000257700025770003	0.00889550088955009	0.0620750062075006	0	0	0	0	0	0	0.0143683014368301	0.00202240020224002	0	0.0097139009713901	0	0	0.00435270043527004	0	0.000763600076360008	0.000278000027800003	0	0	0	0.00489590048959005	0	0	0	0	0	0	0	0	0	0	0	0	0	0	0	0	0	0	0	0	0	0	0	0	0	0	0	0	0	0	0	0	0	0	0	0	0	0	0	0	0	0	0	0	0	0	0	0	0	0	0	0	0	0	0.00263510026351003	0	0
SRR15095744	0.413636268777333	0.3151251938734	0.0407161125950708	0.0117075015165996	0.124429945124845	0	0	0.0169997942914172	0.001223971207789	0.00308696517953034	0	0.00796845760609284	0	0.000936020313028632	0.0151705196675807	0	0	0.00114532699697441	0	0	0	0	0	0.00506818247471846	0.00492847334727135	0.0243499953173284	0	0	0	0	0	0	0	0	0	3.33081363450057e-05	0	0	0	0	0	0	0	0	0	0	0	0	0	0.000926665250042843	0	0	0	0	0	0	0	0	0	0	0	0.00238718590761536	0	0	0	0	0	0	0	0	0	0	0	0	0	0	0	0	0	0	0	0	0	0	0
SRR15095742	0.443494918050144	0.426027773146674	0	0.0106548523149326	0	0	0	0	0	0	0	0	0	0.00808300521434494	0.00021305301467514	0	0	0	0	0	0	0	0	0.0109942961034615	0	0.00160385188642483	0	0	0	0	0	0	0	0	0	0.064478608536651	0	0	0	0	0	0	0	0	0	0	0	0	0	0	0	0	0	0	0	0	0	0	0.0121279102651524	0	0	0	0	0	0	0	0	0	0	0	0	0	0	0	0	0	0	0	0	0	0.00414697835985805	0	0	0	0
SRR15095741	0.506037556546282	0.385759576911298	0.0163014577041867	0.0163133640276351	0	0	0.0248764118623401	0	0	0	0	0	0	0.00233193849253338	0	0.000518975627956007	0	0.000440834127004852	0	0	0	0	0	0	0	0.00764305922875639	0	0	0	0	0	0	0	0	0	0.000601819626403583	0.00113780428785728	0	0	0	0	0	0	0	0	0	0	0	0	0.00195323736436421	0	0	0	0	0	0	0	0	0	0	0	6.90366653729796e-05	0	0	0	0	0	0	0	0	0.000228021102007276	0	0	0	0	0	0	0	0	0	0	0	0	0	0.00147608394818488
SRR15095740	0.381283845494457	0.381444264809103	0.00840813639549523	0	0	0.000350497665603384	0	0	0	0	0	0	0	0.00112894716934057	0	0	0	0.00583962377111641	0	0	0.071526874243181	0	0	0.00972245254178442	0	0.0261538592568508	0	0	0	0	0	0	0	0	0	0.0571794156268052	0	0	0	0	0	0	0	0	0	0	0.00258624792649769	0	0	0	0	0	0	0	0	0	0	0	0	0	0.0542326500900042	0	0	0	0	0	0	0	0	0	0	0	0	0	0	0	0	0.000143185009761931	0	0	0	0	0	0	0
SRR15095738	0.634356436564356	0.172571982742802	0.0246956975304302	0.00746939925306008	0	0.00354939964506004	0	0	0	0	0	0.00477609952239005	0	0.0103047989695201	0.00884909911509009	0	0	0.0098732990126701	0	0	0	0	0	0.0104470989552901	0	0.0297010970298903	0	0.0401681959831804	0	0	0	0	0	0	0	0.0383974961602504	0.000629999937000006	0	0	0	0	0	0	0	0	0	0	0	0	0	0	0	0	0	0	0	0	0	0.00420989957901004	0	0	0	0	0	0	0	0	0	0	0	0	0	0	0	0	0	0	0	0	0	0	0	0	0	0
SRR15095737	0.133623307213663	0.772466094225996	0.00392030272592464	0	0.0354591912060942	0	0	0	0	0	0	0.00502174303629778	0	0	0	0	0	0.000339420582740398	0	0	0.0265539802343313	0	0	0.000593560618003705	0	0.000304187304909487	0	0	0	0	0	0	0	0	0	0.0200128020915755	0	0	0	0	0	0	0	0	0	0	0	0	0	0	0	0	0	0	0	0	0	0	0	0	0	0	0	0	0	0	0	0	0	0	0	0	0	0	0	0	0	0	0	0	0	0	0	0	0
SRR15095735	0.528299473832574	0.308258199795121	0.0316436955623955	0.0102630717046089	0	0.00117139572911879	0.0222116883999301	0.0235145734497444	0.00686006003878435	0	0	0	0	6.20421452292542e-05	0.0029591101235069	0.00113156867460066	0	0.00348997073712173	0	0	0	0	0.00905615184394759	0.00145979163645865	0.000481427033383778	0.0271533452674402	0	0	0	0	0	0	0	0	0	0.000775426747389502	0	0	0	0	0	0	0	0	0	0	0	0	0	0.000574390183251483	0	0	0	0	0	0	0	0	0	0	0.000137993739147003	6.12416014198445e-05	0	0	0	0	0	0	0	0	0	0	0.00062762634657723	0	0	0	0	0	0	0	0	0	0	0	0
SRR15095734	0.1035179	0.489104	0.0214553	0.0478248	0.275735	0	0	0	0	0	0	0	0	0	0	0	0	0.0090761	0	0	0	0	0	0	0	0	0	0	0	0	0	0	0	0	0	0	0.0485463	0	0	0	0	0	0	0.0004213	0	0	0	0	0	0	0	0	0	0	0	0	0.0037334	0	0	0	0	0	0	0	0	0	0	0	0	0	0.0005859	0	0	0	0	0	0	0	0	0	0	0	0	0	0
SRR15095733	0.410868312150242	0.418912361548685	0	1.93776870852936e-05	0.00339511134087671	0	0	0	0	0	0	0	0	0.00233797316822875	0.00580356708078357	0.000350906820534204	0	0.00477333678450275	0	0	0.00792436959012376	0	0	0.0114627553324031	0.000412855177692889	0.0527631326752082	0	0	0	0	0	0	0	0	0	0.0373640963988727	0	0	0	0	0	0	0.00107842350768466	0.00134147811993061	0	0	0	0	0	0	0	0	0.000271990436860417	0	0	0	0	0	0	0	0.000320183648264256	0	0	0	0	0.038513203283283	0	0	0	0	0	0	0.000795690000782136	0	0	0	0	0.000374200206046059	0	0	0	0	0	0	0
SRR15095732	0.230872158338903	0.660094937644685	0	0	0	0	0	0	0	0	0	0	0	0.00345828232496561	0	0	0	0.0104119408472261	0	0	0.0155436720069135	0	0	0.000986490926890347	0.0018386196051213	0.00812675223467397	0	0	0	0	0	0	0	0	0	0	0	0	0	0	0	0	0	0	0	0	0	0	0	0	0	0	0	0	0	0	0	0	0	0	0	0	0	0	0	0	0	0	0	0	0	0	0.00202996216321984	0	0	0	0	0	0	0	0.0245579981755997	0	0	0	0.000112930233535807
SRR15095731	0.523855186256798	0.26855556624684	0.00193414340336147	0	0.0265351218193944	0.000915356369701844	0	0	0	0	0.00551416604596587	0.00382513228962148	0	0	0.00929594356550631	0.000862289330110729	0	0	0	0.00738162520712416	0.00989790402215118	0	0.000478804874197574	0.0446623219112705	0.00271132521714682	0.0114885134390275	0	0.0028809394908588	0	0	0	0	0	0	0	0	0.00138845403398113	0	0.00211597310882838	0	0	0	0	0	0.00299538406869398	0	0.00317310858807932	0	0	0.00408175648296493	0	0	0.00204838772821706	0	0	0	0	0	0	0.000198150323303429	0	0.0021046588154816	0	0	0	0	0	0	0	0	0	0	0.000174620598201708	0	0	0	0	0	0	0	0	0	0	7.76981560805766e-05	0
SRR13836101	0.464739245034359	0.24942423944763	0.00140384481580164	0.0339171772487097	0.00127348779719149	5.21837358643469e-06	0.0140821392466715	0.0229344449492283	0	0	1.48365523535888e-05	0.00126970191831506	0	0.00351513737624269	0.00102310818609334	0.00274875270639179	0.00407319638683906	0.00256109589938157	0	0	0.00833548207539834	0	0.0011840591988671	0.00116666462024565	0	0.025743055470288	0	2.71150784393175e-05	0	0	0	0	0	0	0.00374443885089367	0.00324920496543595	0.00736660404618363	0	0.000881495851904604	0	0	0	0	0.000472109327996267	4.30771623507648e-05	1.40179839478736e-05	0	0	0	0.000152560686615179	0.000360374740616136	0	0	0	0	0	0.000238817332367423	0	0.142279569760446	0.000416037392204773	0	0	0	0	0	0	7.02945618407966e-05	0	3.9598246626475e-05	0	0	0	0.000156448886542326	0	0	0	0	0.000966831608200418	0	2.48640153236006e-05	3.47891572428979e-06	0	0	0	0
SRR13836099	0.433289846281857	0.376775314289372	0.00249301315262455	0.0197802912148989	0.111852963428373	0.000349329867703689	5.46046686991738e-05	0	0	0	0	0.000829770945415833	0	0.00372981889951591	0.00180765455446441	0.00248901281059531	0	0.0223435103701366	0	0	0.00431636904955374	0	0	5.3704591742594e-05	0	0.00314486888628978	0	0.000131311227109918	0.00179725366518837	0	0	0	0	0	0	9.10077811652896e-06	0	0	0	0	0	0	9.89084566730455e-05	0	0	0	0	0.0002731233520466	0	0	0	0	0	0	0	0	0.0138623852339375	4.78040872494598e-05	0.000199017015954864	0	0	0	0	0	0	0	0.000256921966828164	0	0	0	0	0	0	0	1.41012056530833e-05	0	0	0	0	0	0	0	0	0	0
SRR13836098	0.515979076115233	0.166119856078252	0.00740160411113512	0.0344641756517702	0.00835294447246036	0.000365207437824684	0.00108371555043265	0.000152886839724964	0	0.000138278542211976	0.00237895124430677	0.00638292550168496	0.0067312233348542	0.000565120988721594	0.02080861929576	0	0.00150645566681875	0.0164508440794371	4.69266543396649e-05	0	0.00205876938100841	0	0	0.00151966316867981	0	0.0156982165870214	0.000490878819169288	0.11021260075723	0.000713305157329363	0	0	0	0	0	0	0.0035884382329163	0.0042392078700702	0	0	0	0	0	0	3.83217667635217e-05	0	0.000353500788447838	0	0	0	0.000479172169792442	0	0	0	0	0	0	0	0.0027693730038662	0.00386169344187498	0	0	0	0	0	0	0	0	0	7.02398962610763e-05	0	0.0550238535488157	0	0	0	0	5.54314850835274e-05	0	0.000692293222550409	0.000131874904946009	0	0	0	0	0	0
SRR13836097	0.212612298770664	0.665456199913209	0.00246938421057637	0.00106311254728073	0.0606431630701529	5.33558368832984e-05	0.000407626581217244	0	0.0116358769452232	0	0	0.000844183437967833	0	0.00682113832125319	0.00569095558501972	0.000191099986135491	0.000105610521410656	0.00705968796345375	0	0	0.0175576741059519	0	0	0.000302116164566219	0	1.70178091372621e-06	0	0.00422111739935843	0	0	0	0	0	0	0	0.000477399598680019	4.24444180835244e-05	0	0	0	0	0	0	0	0	0	0	0	0	0	0	0	0	0	0	0	0.000114219530738918	0	0.000138444882569609	0	0	0	0	0	0	0	0	0	0	0	2.14224185610241e-05	0	0	0	0	0	0	5.81608653455841e-05	0.000385603534098434	0	0	0	0	0	0
SRR13836096	0.370790283228174	0.54170510917138	0.000215204691462274	0.0248855425048266	0.00794937329633786	3.45007521163961e-05	5.2001133624713e-06	0	0	0	0	0.00010020218440762	0	0.00826258012424671	0	0	0	0.015314433854658	0	0	0.0214453675090117	0	0	0	0	0.00660404396815851	0	0.000282206152094116	0	0	0	0	0	0	0	0.00177133861518181	0	0	0	0	0	0	0	0	0	0	0.000304506638244714	0	0	0	0	0	0	0	0	0	0	0	2.37005166712634e-05	0	0	0	0	0	0	0	0	0	0	0	2.77006038731644e-05	0	0	0	0.000243805314955866	0	0	0	0	0	0	0	0	0	0
SRR13836095	0.0751972646196481	0.864332408870647	0	0	0.00178585886722766	1.88780007106519e-06	2.02414118730878e-05	0	0	0	0	0.00134442828394359	0	0.000469747584350054	0	0	0	3.04145567004946e-06	0	0	0.00464147110805893	0	0	0.000836819820390506	0	0	0	0	1.65706895126833e-05	0	0	0	0	0	0	0.00176026868848656	0	0	0	0	0	0	0	0	0	0	0	0	0	0	0	0	0	0	0	0	0.00010697533736036	0	6.37656912893129e-05	0	0	0	0	0	0	0	0	0	0	0	0.0493874718036084	0	9.43900035532593e-07	0	1.69902006395867e-05	0	0	0	0	0	0	0	0	0	0
SRR13836094	0.0980422690811855	0.644262837457646	0.000505375098739673	0.000194628921857788	0.169753725403595	0.000351952300111797	7.82116222470659e-05	2.99044438003487e-05	6.2009214569285e-06	0	0	0.000422462777968806	0	0.00867378892503426	0	0	0	0.0412251260537316	0	0	0.0286132519292367	0	0	0.0028253198425286	0	5.9908902462906e-05	0	0	0	0	0	0	0	0	0	0.00234994920245148	0	0	0	0	0	0	0	0	0	0	0	0	0	0	0	0	0	0	0	0	0	0	0.000563483733682825	0	0	0	0	0	0	0	0	0	0	0	0.000817721513416894	0	0	0	0.00122388186884571	0	0	0	0	0	0	0	0	0	0
SRR13836093	0.0727502894524111	0.810371542185045	0.0216172471533054	0.00111230533531525	0.0249597636896214	2.22021025391105e-05	4.16039398931079e-05	0	0.00198768823407577	0	1.91018089413067e-05	0.000185017521159254	0.00111230533531525	0.0182337267339217	0.000769272850138908	9.5209016293843e-05	0	0.0435130206830587	0	0	0.000584955395275933	0	0	0.000946389623097307	0	0.000960590967964666	0	5.61053131731575e-05	0.000357433848985499	0	0	0	0	0	0	8.09076619555872e-05	0	0	0	0	0	0	0	0	0	0	0	0	0	7.87074535958555e-05	0	0	0	0	0	0	0	1.82017237032347e-05	5.83055215328892e-05	0	0	0	0	0	0	0	0	0	0	0	4.98047165066532e-05	0	0	0	0	0	0	1.83017331741316e-05	0	0	0	0	0	0	0
SRR13836092	0.240363485009154	0.563438275138714	0.000628588513695257	0.0486799991317396	0.0125521643941018	8.38251391592339e-05	0.0176139824333318	0	0.00647514189505433	0	0	0	0	0.0028666597112474	0	0.00304761397943243	0	0.0736929005008602	0	0	0.0034272278256249	0	0	0.000814944401826108	0	0	0	2.84085197150625e-05	0.000417225125815232	0	0	0	0	0	0	0.000214964467843906	0	0	0	0	0	0	0	8.38251391592339e-05	0	0	0	0	0	0	0	0	0	0	0	0.00179543845199175	0	1.38041398615445e-05	0.000175252558242217	0	0	0	0	0	0	0	0	0	0.000316394886826559	0	0.00571211306270751	0	0	0	2.90086997090427e-06	0	0	3.98119396006862e-05	0	0	0	0	0	0	0
SRR13836091	0.239027642233405	0.58919791372715	0.000496288370488822	3.47842786818424e-05	0.0296300814442041	0.00010374043677296	0.0408078379268178	0	7.80196673251184e-05	0.00436763161195247	0	0.00189574318816041	9.93311620104725e-05	0.0313517807591007	0.00200291306085975	0.0026443400589471	0.00061803334587527	0.0046422314457718	0	0	0.0145257433057411	0	0	0.000803222885899727	0	0.00514819572476719	2.80478866835983e-05	2.86602859561659e-05	0	0.0122716240632741	0	0	0	0	0.000294196610541498	0.0126063615056596	0.00178624619822532	0.000366827164268021	1.32278242874612e-05	0	0	0	0	0	0	0	0	0	0.000325796413005989	0	2.27812529395165e-05	0	0	0	0	0	0.000259289852005142	0.000126399209857963	0.000201356880820243	5.48709748220613e-05	0	0	0	0	0	0	9.40645282663908e-05	0	0.00184760860533659	0	0.000147955664252344	0	2.498589032076e-05	0	0	0	0	0	0	0	0	0	0	0	0
SRR13836090	0.122135268696731	0.820193269577048	0.00509923572486095	0.00177103757352647	0.00250540194470009	0.000172262014325157	0.00224310751870673	0	0.00379306550358129	0.000177063742947461	0	0.000143051498539474	0.00244468008483054	0.00231193229562643	0.00167880436957305	0.000370333319995198	0	0.0209302348845584	0	0	0.0056452322836221	0	0.00453513264775319	0.000312512504501621	0	0.000346924892961466	0	1.35048617502301e-05	2.49089672282022e-05	0	0	0	0	0	0.0012409467408267	0.000479172502100756	0	0.00027219799127686	0	0	0	0	0	0.000817294225921332	0	1.28046096594774e-05	0	0	0	2.90104437597535e-06	0	0	0	0	0	0	0	0	0.000139550238085711	0	1.61057980873114e-05	5.39194109879557e-05	0	0	0	0	0	0	1.12040334520427e-05	0	5.10183666119803e-06	0	0	0	0	2.88103717338242e-05	0	1.06038173742547e-05	0	0	0	0	0	0	0
SRR13836088	0.191387880861212	0.649953035004696	0.00448889955111004	0.0290622970937703	0.0149909985009001	0.000182199981780002	0.000220699977930002	0.0209486979051302	0	0.000145499985450001	0	0.000871199912880009	0	0.00468659953134005	0.00488599951140005	0.00130969986903001	0.00288739971126003	0.00211029978897002	0	0	0.00204459979554002	0.000165299983470002	0	0.000234699976530002	0.000477199952280005	0.0147958985204101	0	6.43999935600006e-05	0.000152999984700002	0	0	0.000521399947860005	0	0	0.00209509979049002	0.000678899932110007	0.00486389951361005	0	3.71999962800004e-05	0	0	0	3.09999969000003e-05	0.000210299978970002	0	0	0	0	0.000314799968520003	0	0	0	0	0	0	0	0	0	0.0395175960482404	0	2.62999973700003e-05	0	0	0	0.00106099989390001	0	0.000380599961940004	0	0	0	0	0	0	0	0	0	0	0	0	0	0	0	0	0	0
SRR13836087	0.0881117593848575	0.815537564668244	0.00338834757763995	0.00548773697000483	0.0187640062783381	0.00382360882652926	2.39363641243778e-05	0	0.0162450795248141	0	0	0.000578879433635579	0.00039229597604681	0.00367668562079511	0	0.00060772325316621	0.000418235383194148	0.000831863767435488	0	4.33658814470944e-05	0.0193985703080119	0	0	0.000151630356838108	0	0.000777481149362111	0	0.000622746075838414	0.000111869952832343	0.0004663084157452	0	0	0	0	0	0.00117308214639681	0.00424324633983948	7.01065058036168e-07	4.49683158654628e-05	0	0	0	0	8.37271983597481e-05	0	0	0	0	0.000490445084171874	5.66861175497816e-05	0	0	0	0	0	0	0.000449482854352332	0	0.00203328897260718	0	0	0	0	0	6.17938772583308e-05	0	0	0	4.69713588884233e-05	1.54234312767957e-05	0	0	0	0	0	0	0	0.00236659533162781	0.000175767025264782	0	0	0	0	0	0
SRR13836086	0.35354357425573	0.493343744548316	0.00753332629115871	0.00720942627083243	0.000753832783563564	0.000603086233028759	3.54109348966961e-05	0	0.0543919962484415	0	0	0.00199301544316885	0	0.0045649096440981	0.00262971205508261	0.00232711861422807	0	0.00417258849532736	0	0	0.0061997144718289	0	0	0.00342835867715951	3.41105333326931e-05	0.00161990022518954	5.98184719441363e-05	0.000293690691685593	0.00110824222519914	0	0	0	0	0	0.000935989033413518	0.0120875326300762	0.0230306118529402	0	0	0	0	0	0	0.0151028637643304	0	0.000629294326087896	0	0	0	0	0	0	0.000368113673502378	0	0	0	0.000699816103212672	0	0.000828455827159427	0	0	0	0	0	0	0	0.00047174567506446	0	0	0	0	0	0	0	0	0	0	0	0	0	0	0	0	0	0
SRR13836085	0.565747436211858	0.372384342733765	0.00129969242246998	0.00540749695089096	0.0170079697591622	4.4627209209455e-05	0	0	0	0	0	0.001094567357718	0	2.57156788493945e-05	0	0.00060817080173782	0	0.0287651381047024	0	0	0.00016930322417578	0	0	0.000432063429072706	0	2.31140926622962e-05	0	0.000552036576700814	0	0	0	0	0	0	0	0.0054781400219714	5.77352011521425e-05	0	0	0	0	0	0	0	0	0	0	0	0	0	0	0	0	0	0	0	0	0	0.000453676606627061	0	0	0	0	0	0	0	0	0	0	0	0	0	0	0	0.000413852325763018	0	0	0	0	0	0	0	0	0	0
SRR13836084	0.141649996954596	0.631004534301702	0.000939824714739646	0.136249380292765	0.000157020836665025	0	0	0.000102713630098714	0	0	0	0.00032084257580981	0.000247632860880639	0.00688691389347366	0.000155020571229802	0.0207331512891761	0	0.00676249738340278	0	0	0.00142248876425902	0	0	0.00108334375971691	0	0.0014016860037327	0	0.000153520372153385	6.99092769610527e-05	0	0	0	0	0	0	0.000132117531996496	0.00647155877584956	0	0.000457960771394364	0	0	0	0.00116385444348465	0.00619842253066982	0	0	0	0	0	0.000284537758160508	0	0	0	0	2.59034373861411e-05	0	0.000272036099190363	0	0.0355832218935453	0	0	0	0	0	0	0	0	0	0	0	0	6.99092769610527e-05	0	0	0	0	0	0	0	0	0	0	0	0	0
SRR13836083	0.187280642120861	0.693886239346906	0.0107340767057851	0.0111975781697824	0.025204420076607	0.00454914763723967	0.00148669146623268	0.00115244138324628	0	0.000115424489088829	0.000356894123380563	0.000420317475458018	0.000116226048040835	0.00194778825337399	0.00690062101781755	0.000796148429079717	7.23406954185195e-05	0.00214597370425741	0	0	0.00033705553931842	0	0.00961750508564106	0.00111657162014402	7.34428389775274e-05	0.00134561709067966	2.37461839531705e-05	0.00016021159553215	0.000143679442147032	0.000425627803515056	0	6.46256905054641e-05	0	0	5.48065933433936e-05	0.000495563822077559	0.00176152599190165	0	2.58502762021856e-05	0	0.000173737902847248	0	0	0.000240768270208729	0	0.00107519113924672	0	0	0.0025616822157414	0.000784425629406633	0	0	0	0	8.7870900113631e-05	0	0.000138870088434997	8.62677822096195e-05	0.00335282090137108	0	0	8.31617412705972e-06	0	0	0	0	3.5368788757254e-05	0	4.30837936703094e-06	0	0.000187464599900346	0	2.20428711801583e-06	0	0	1.8235466158131e-05	0	0.000174238877192251	0	0	0	0	1.54300098261108e-05	0	0.00371482496307068
SRR13836082	0.124021892604871	0.831939586026999	0.000243611181753242	0.000987845342101203	0.000440620224468303	1.97009042715061e-05	0	0	0	0	0	0.000105604847262489	0	0.0040232846687663	0.00102324696703579	0.000812937313822704	0	0.0117568396389394	0	0	0.00691161724323147	0	0	0.000134906192194222	0	0.00262422045171873	0	0	0	0	0	0	0	0	0	0.00113355203003818	7.240332331254e-05	0	0	0	0	0	0	0.00577436504335549	0	5.11023455976629e-05	0	0	0	0	0	0	0	0	0	0	0.000640529400299474	0	0.0068885161828928	0	0	0	0	0	0	0	0.000103704760048486	0	0	0	0	0	0	0.000289913307020792	0	0	0	0	0	0	0	0	0	0	0
SRR13836081	0.194378125385884	0.679752163395552	0.000329250991195395	0.0833886711896388	0.00979002559385108	0.000213874336945137	0	0	0	0	0.000147579955244074	0.0044962470939297	0	0	6.66275192975505e-06	0.00200981911961061	0	0.00274005673111176	0	0	0.00810323889696809	0	0	0.000462506029790496	0	0.000116931296367201	0	0	0.00184591542213864	0	0	0	0	0	0	0.00147491118551678	0.00926833211775126	0	0	0	0	0	0	0	0	0	0	0	0	0	0	0	0.000463283350848968	0	0	0	0	0.000364341484692105	0.000224867877629233	0	0	0	0	0	0	0	0	0	0	0	0	0	0	0	0	0	0	0.000423195793404942	0	0	0	0	0	0	0
SRR13836080	0.151390635117147	0.3888683397829	0.00480598345391335	0.00396832879068823	0.00315805436250388	0.000790917705243445	0.0104360818943833	0	0	0	0	0.0066209018909011	0.000240805656896971	0.00107705620550461	0.000700252018515056	0.00284273033697948	0	0.00652261386767784	0	0	0.0110093618339181	0	0.00116882512514673	0.00228930858989182	0.00042093350353877	0.00693101063356058	0	0	0	0.00104626597782141	3.81116824743228e-06	7.17101393924757e-05	0	0	6.41880967988594e-06	0.351553893529599	0.029035084411359	0.0010075525319396	0.000744581922866769	0.000348220425133812	0	0	0	9.62821451982891e-06	0	8.48486404559922e-05	0	0	0	0.000247826229984346	4.41293165492158e-06	0	0	0	8.25418807272832e-05	0	0.000638972444852395	0	0.00602274906385673	0	0	0	0	0	0.00313227882988309	0	0.000159968772490907	0	0	0	0	0.000339494855725217	0	0	0	0	0	2.53743570157991e-05	0.000152246142094795	0.000324651358340481	0	0	0	0	0
SRR13836079	0.265562561671127	0.468678272092886	0.0109832467406367	0.00866827317431123	0.0029565992912797	0	0.0914684161996137	0	4.86992921131145e-05	4.07668300988134e-05	0	0.000178430189865989	3.11273825877639e-06	0.00365566005765394	2.01825932262598e-05	0.00138376277239347	0.000211264557950501	0.0127334089293616	0.0001489093818634	0	0.0570776789857132	0	0	0.00359169830698166	0	0.000104427348036369	0	0	0.00030193561110131	6.12506560597935e-06	0	0	0	0	9.13739295318231e-06	0.000256650289981692	0	0	0	0	0	0	0	5.42218922496533e-06	0	9.49887223484666e-05	0	0	0	0	0	0	0	0	0	0	0.00191604101464423	0	0.000252533442607181	0	0	0	6.35601070259824e-05	0	0	0	0	0	0	0	0.0134404021577502	0.000732999654486053	0	0	0	2.25924551040222e-05	0	0.000309566840380891	0	0	0	0	1.71702658790569e-05	0	0
SRR13836077	0.427073589312573	0.445714878555694	0.000353561011684721	0.000620082385518365	0.00511212806311994	0.000126357543225185	0	0	0.0219049755258545	0	0.000750641842294981	0.00244291250235357	0	0.00628256107831507	0	0.000332951626170558	0	0.0017649037371619	0	0	0.0439026932865227	0	0	0	0	0.0176175230199833	0	0	3.56162196264179e-05	0	0	0	0	0	0	0.00379682907596119	0.0187508391321408	0	0.000188485836449919	0	0	0	0	0	0	0	0.00107829105374588	0	0	0.000764848311921249	0	0	2.60118457945748e-05	0	0	0	0.000210295768693063	2.0009112149673e-06	0.000163274355141331	2.81128025702905e-05	0	0	0	0	0	0	0	0	0.000314543242992859	0	0	0	0	0	0	0	0	0.000641091953275522	0	0	0	0	0	0	0
SRR13836076	0.480498196099639	0.382713576542715	0.00137260027452005	0.00165170033034007	0.00172820034564007	0.00147110029422006	0	0	0	0	0	0.000312100062420013	0	0.00343960068792014	0.00526660105332021	0.0048768009753602	0	0.00236210047242009	0	0.000209900041980008	0.0050303010060602	0	0	0.000719300143860029	0	0.0157578031515606	0	1.07000021400004e-05	6.70000134000027e-05	0	0	0	0	0	0	0.00119100023820005	0.0695998139199628	0	0	0	0	0	0	0.000222500044500009	0	0.000190600038120008	0.00099490019898004	0	0	0	0	0	0	0	0	0	0.000174500034900007	0	0.0192358038471608	0	0	0	0	0	0	0	0	0	0	0	6.91000138200028e-05	0	0	0	0	0	0	0	0	0	9.19000183800037e-05	0	0	0	0
SRR13836075	0.112376485178221	0.870409949193903	0	0.00641336960435252	0.000253730447653718	2.09025083009961e-05	0	0	0	0	0	0	0	0.00898657838940673	0	0	0	0	0	0	0.000139716766011921	0	2.98035764291715e-05	0	0	2.73032763931672e-05	0	0	0	0	0	0	0	0	0	0.000221426571188543	3.19038284594151e-05	0	0	0	0	0	0	0	0	0	0.000215425851102132	0	0	0	0	0	0	0	0	0	0	0	0.000775993119174301	0	0	0	0	0	0	0	0	0	0	0	0	0	0	0	0	9.74116894027283e-05	0	0	0	0	0	0	0	0	0
SRR13836074	0.131505612269389	0.78189243083668	5.9602860937325e-05	0.0015343736499352	0.0167953061746964	0	0	0	0	0	0	6.46031009488455e-05	0.000396219018512889	0.0021457029937437	0.00367427636526553	0.00013860665311935	0	0	0	0	0.0169010112485399	0	3.63017424836392e-05	2.78013344640543e-05	0	0.000122105861081332	0	0.000222710690113125	0.000261112533401603	0	0	0	0	0	0	0.000315415139926716	3.53016944813351e-05	0	0	0	0	0	0	0	0	0	0	0	0	4.30020640990768e-05	0	0	0	0	0	0	3.53016944813351e-05	0	0.000326615677552523	0	0	0	0	0	0	0	3.62017376834088e-05	0	0	0	0	0	0	0	0	0.0434303846584636	0	0	0	0	0	0	0	0	0
SRR13836073	0.292250944510162	0.528011376226526	0.000534963753695804	0.0237123554601595	0.00103386713946726	0.0021212101654587	0	0	0	0	0	0.000442354172435557	9.05606967190904e-05	0.00434271322920697	0.000362447675330477	0.000269735649843173	0	0.010215328545295	0	0	0.00128813371102471	0	0.0192081901291094	0.00151596967200124	2.79672739867779e-05	0.00177064602046692	0	0.00076320949158057	0	0	0	0	0	0	0	0.00323611068852867	0.0131975824391745	0	0	0	0	0	0	0.000420533552072247	0	0	0	0	0.000275882303466641	0	0	0	0	0	0.000347081041271808	0	0.000505357372076101	0	0.0916615623830535	0	0	0	0	0	0.000181223837665239	0.00154639560743741	0	0	0	0	0	0.000585058980727065	0	0	0	0	0	0	0	8.12382720568311e-05	0	0	0	0	0
SRR13836072	0.036640591436775	0.0968493919468661	0.00126782738507152	0.000302606536301184	0.850203564396991	0.000709515325531031	0	0	0.00185634009694609	0	0	0	0	0.000993421457903491	2.3900516251151e-05	5.81012549871077e-05	0	6.23013457090673e-05	0	0	0.00625283506123732	0	0	0.00135062917359015	0	0.000381808247058136	0	0	0	0	0	0	0	0	0	0.00261965658458223	0.00010380224212843	0	0	0	0	0	0	0	0	0	0	0	0	0	0	0	0	0	0	0	0	0	0.000227904922746331	0	0	0	0	0	0	0	0	0	0	0	9.58020693246974e-05	0	0	0	0	0	0	0	0	0	0	0	0	0	0
SRR13836071	0.612356365624664	0.228936421643335	0.00151171670609252	0.00155970294215735	0.000281606074276082	0.00429191299684663	4.48806550251457e-05	0	0	0	0	0.00839097942913209	0	0.0002596666469312	0.0066531563873437	0.00854225127977488	0	0.000577838433448751	0	0	0.000764674195997627	0	0	0.0459943564579907	0	2.27408676131877e-05	0	0	0.00627006793909334	0	0	0	0	0	0	0.072158175457114	2.00360067076543e-05	0	0.000579140773884748	0	0	0	0	0	0	0	0	0	0	0	0	0	0.000112001277495788	0	0	0	0.000532356698222375	3.70666124091605e-06	7.21296241475556e-05	0	0	0	0	0	0	0	0	0	0	0	0	0	0	0	0	0	0	0	0	0	0	0	0	0	0
SRR13836070	0.412626165507054	0.474075153131474	0.0009294641744087	0.0140404117816438	0.00862410687897536	0	0	0.000600299789714984	0	0	1.92095932708795e-05	7.93396222073303e-05	0.00342711149948284	0.0150621220237387	7.17358248709406e-05	0.00120059957942997	0	0.00139289561206867	0	0	0.0526515942061466	0	0	0.00114287074965238	0.000325962785815236	0.00527603485180499	0	7.05352252915106e-05	0.000489644528477522	0	0	0	0	0	0	0.000813606314993708	0.00261220453494475	0	0	0	0	0	0	6.32315778499783e-05	0	0	0.000514256819855836	0	0	7.3036474415323e-06	1.54076946026846e-05	0	0	0	0	0	0.000345072329121163	4.70234835276737e-06	0.000905752332714958	1.30064954438246e-06	0	0	0	0	0	2.40119915885994e-06	0	0	3.40169880838491e-06	8.20409712610478e-06	0	0	0.00245672688940857	0	0	0	0	0.000126463155699957	0	0	0	0	0	0	0
SRR13836069	0.0508181524544574	0.841903525710577	0	0.000339701019103057	0.0108589325767977	9.45002835008505e-05	0	0	0	0	0	0.000354001062003186	0	0	3.000009000027e-06	0	0	0	0	0	0.0436860310580932	0	0	0.0076001228003684	0	5.8000174000522e-06	0	0.000324100972302917	0	0	0	0	0	0	0	0.0326380979142937	0	0	0	0	0	0	0	0.0113213339640019	0	0	0	0	0	0	0	0	0	0	0	0	0	0	5.27001581004743e-05	0	0	0	0	0	0	0	0	0	0	0	0	0	0	0	0	0	0	0	0	0	0	0	0	0	0
SRR13836068	0.279153728770363	0.477092089447948	0.000397469239304009	0.0189157977719579	0.000232610416050647	0	0.00595198250607149	0.000993927039762262	0	0	0.000414940414658032	0.000142308817854566	8.68479937656346e-05	0.00107478201407506	0.00306080771478347	0.000300362008847931	0.00063942470263704	0.00309849263371569	0	0	0.000149622333119041	0	0	0.012528864260852	0	0.0483140976031274	0	0	0.000353892877519849	0.00144350507532565	0	0	0	0	0.000460345155258311	0.133186121751542	0.000237689246095421	6.50090245731066e-05	0.000428653255778921	0	0.000234134065064079	0	0	0.000151958594939637	0	0.000112445297191295	0.000853243447522024	0	0	0	0	0	0	0	0	0	0.000195738109925588	0	7.02910078196715e-05	0	0	0	0	0	0	0	0	0	0	0	0	0	0	0	0	0	0	8.53243447522024e-06	0	0.000251097357413624	0	0	0	0.00121983340015381	0
SRR13836066	0.340581763089669	0.480903820335958	7.47016807878177e-05	0.000168903800335508	0.03316544622254	0.00124002790062776	0	0	0	0	1.34003015067839e-05	0.0123007767674773	0.000793017842901465	0.00984102142298202	0.0376281466332992	0.000739916648124583	0	0.0057414291821566	0	0	0.0397776949981375	0	0	0.00219054928735897	0	0.00013410301731789	0	0	0	0	0	0	0	0	0	0.000251005647627072	4.50010125227818e-05	0	9.92022320502211e-05	0	0	0	0	2.43005467623022e-05	0	0	0	0	0	0	0	0	9.00020250455635e-05	0	0	0	0.000405309119455188	0.000508111432507231	0.0279869297059184	0	0.000207504668855049	0	8.50019125430322e-05	0	0	0	0	0	0	0.000125402821563485	0.00434619778945026	0	0.000450010125227818	0	0	0	0	0	0	0	0	0	0	0	0
SRR13836065	0.220122124512923	0.701016944271166	2.74001150804833e-05	0.032254035466949	0.00612662573182807	0.000484502034908547	0	0	0.00941243953224604	0	0	0.00109610460363934	0.00059410249523048	7.72003242413618e-05	0.00427731796473545	0.00490572060402654	0	0.00678782850887974	0	0	0.0048129202142649	0	0	0.00410061722259234	0	0.00209620880407698	0	0	6.28002637611078e-05	0	0	0	0	0	0	0.000308601296125444	0.000140500590102478	0	0	0	0	0	7.80003276013759e-05	4.54001906808009e-05	0	0	0	0	0	0	0	0	0	0	0	0	0.000633402660291173	0	0.000131100550622313	0	0	0	0	0	0	0	0	0	0	0	0	0	4.57001919408062e-05	3.17001331405592e-05	0	0	0	0	0	0	0	0	0	0	0
SRR13836064	0.383201579782591	0.284427167308492	0.00314544497986321	0.000880712594190097	0.0291961175044803	0.0333800773351059	0.0432434183808828	0.00127911829139157	0	0	0.000812511618916151	0.00744510646502245	0.000378805416917462	0.00172862471933349	0	0.00318034547894035	0	0.000431206166248177	0	0	0.00525587515901477	0	0	0.0277436967348633	0	0.00693489916905812	9.22013184788543e-05	2.03002902941512e-05	6.82009752739464e-05	0.00903622921807782	0	0.000382205465538157	0	0	0.00511387312838574	0.0433640201054875	0.00282184035231704	0	0.000105301505811533	0	0	0	0.00085251219092433	0.000243503482099794	0	0.000681609747019382	0	0	0	0.000389805574219711	0.000472606758276643	0	3.0500436156237e-05	0	0	0	5.26007521907563e-05	0.000242903473519671	0.0981434034506693	0	0	0.000929113286319994	0.00022470321325595	0	0	0	7.56010810954597e-05	0	7.7001101115746e-06	0	0.00137581967422134	0	0	0	0	0	0	0.000855912239545025	0.000203902915811696	0	0	0	0	0	0
SRR13836063	0.0414053	0.84551	0.0001072	0.0033795	0.013768	0	0.0027065	0	0	0	0	0	0	7.03e-05	0	0.0006578	0	0.0200639	0	0	0.0656303	0	0	5.34e-05	0	0	0	0.0018784	0	0	0	0	0	0	0	0	0	0	0	0	0	0	0	0	0	0	0	0	0	0	0	0	0	0	0	0	0	0	1.8e-06	0	0	0	0	0	0	0	0	0	0	0	0.0040701	0	0	0	0.0006606	0	0	0	0	0	0	0	0	0	0
SRR13836062	0.183638486388574	0.743090877051425	0.0022619203110383	0.00627391107893909	0.00872274959581063	4.17040619756364e-05	0	0	0	0	0	2.30022404182167e-05	0	0.00395188491359058	0	0.000313630547615338	0	0.01933958367545	0	0	0.0250868434585529	0	1.49014514013665e-05	0.00182047731449043	0	0	0	0.00285197778263603	0.000380937103273859	0	0	0	0	0	0	0	0	0	0	0	0	0	0	0	0	0	0.000141213754219661	0	0	0	0	0	0	0	0	0	0.000253124654341333	0	1.84017923345734e-05	0	0	0	0	0	0	0	0	0	0	0	0.00175187063219958	0	0	0	2.10020455992414e-06	0	0	0	0	0	0	0	0	0	0
SRR13836061	0.0860118738506925	0.871113967473886	0.00426233097213125	0.00958709281571397	0.00161856110158212	0	0.000357112053137153	0.000575441697279845	0.00307132375204396	1.98117642255972e-05	0	0	4.412620213883e-05	0.000840899326019791	7.54447991217185e-05	9.15543649819263e-05	0.000504399512430481	0.00171491831849752	0.000644082456162469	0	0.011276195805069	0	0.000967874724011118	0.000126875338576046	0	0.000875319764876384	0	0.00172692544833122	0	0.000130577536941436	0	0	0	0	0	0.000169800827731507	0	0	0	0	0	0	0	0.00269850237070773	0	0	0	0	2.21131307770554e-05	0	0	0	0	0	0	0	0	0	2.66158044646911e-05	0	0	0	0	0	0	0	0	6.46383822713927e-05	0	0	1.06062980197641e-05	0	1.68099817671733e-05	0	0	0	0	0	0	0	0	0	0	0	0
SRR13836060	0.0177049982295002	0.915638308436169	0	0.00740609925939007	0.00555089944491005	0	0	0	0	0	0	0	0	0.0149634985036501	0	0	0	0.0182360981763902	0	0	0.000791099920890008	0	1.65999983400002e-05	0	0	0	0	0.00130079986992001	0	0	0	0	0	0	0	0	0	0	0	0	0	0	0	0	0	0	0.000102399989760001	0	0	0	0	0	0	0	0	0	0	0	1.44999985500001e-05	0	0	0	0	0	0	0	0	0	0	0	0.0182411981758802	0	0	0	0	0	0	0	0	0	0	0	0	0	0
SRR13836059	0.339361267872254	0.0874660174932035	2.10000042000008e-05	0.00145160029032006	0.520875004175001	1.08000021600004e-05	0	0	0	0	0	0.000400100080020016	0	0.0109203021840604	0	0.00307960061592012	0	0.000477100095420019	0	0	0.0169717033943407	0	0	0	0	0.0075789015157803	0	0.000149100029820006	0.000435100087020017	0	0	0	0	0	0	0.000127900025580005	0	0	0	0	0	0	0	0	0	0	0.000268600053720011	0	0	0	0	0	0.000210700042140008	0	0	0	0.00206480041296008	0	0.00808770161754032	0	0	0	0	0	0	0	0	0	0	0	0	0	0	0	0	0	0	0	0	0	0	0	0	0	0
SRR13836058	0.0585673941432606	0.843629815637018	0.000137199986280001	0.0278220972177903	0.0589816941018306	0	0.000137499986250001	0	0.000103499989650001	0	0	0.000139199986080001	0	0.00141059985894001	0	0.00133139986686001	0	0.00550889944911005	0	0	0.000202599979740002	0	0	0	0	0	0	0.00130299986970001	0	0	0	0	0	0	0	0.000173699982630002	0	0	0	0	0	0	0	9.6499990350001e-05	0	0	0.000183999981600002	0	0	0	0	0	0	0	0	0	0	0	1.89999981000002e-06	0	0	0	0	0	0	0	0	0	0	0	9.7399990260001e-05	0	0	0	0	1.87999981200002e-05	0	0	0	0	0	0	0	0	0
SRR13836152	0.723054704064456	0.204636688500586	0.00786953168574191	0.0086100909086809	0.00011986856552105	8.69949121005613e-05	0	0	0.0109032286838662	0	0	0.000960852790677513	0.000696259970463824	0.00480165811500667	0	0.000302177027630406	0	0.00152461590192827	0	0	0.0116466944188454	0	0	0.00136415639239717	0	0	0	0.000949226742516609	0	0	0	0	0	0	0	0.00488153708383634	0	0	0	0	0	0	0	0.0128790555239013	0	0	0	0	0	0	0	0	0.000379951280844733	0	0	0	0	9.82200620490208e-06	0	0	0	0	0	0	0	0	0	0	0	0	0	0	0	0	0.000155147608216208	0	0	0	0	0	0	0	0	0	0
SRR13836150	0.217895215157813	0.0653756761111769	0.00378763290047481	0.50945973019467	0.010638739458807	0.00104973083581079	0	0	0.0471943780437318	0	0	0.00342715363108348	8.32182997041049e-05	0.0762767732624404	0.000258156768673431	0.000283762399351617	0	0.0278235183916943	0	0	0.0100079007373721	0	9.40206751464647e-06	0.00660465236305464	0	0.00696483156646146	0	5.56122291291855e-05	0.000392086219759725	0	0	0	0	0	0	0.00188871532850074	0.00161355482070507	0	0	0	0	0	0.000175038490964163	0.00705725188969054	0	3.65080281153826e-05	0	0	0	5.30116572634322e-06	0	0	0	0	0	0.000810378202166656	1.10024194320331e-05	0.000680449630873829	0	0	0	0	0	0	0	0	0	0	0	1.60035191738663e-06	9.49208730999947e-05	0	0	0	0	0	0	0	0	0	0	0	0	0	0
SRR13836149	0.0582433358886157	0.873481819741081	0	0.000656272518113251	0.00666943697278549	0	0.000131614543407046	1.29014256075296e-05	0	0	0	0.000435948172273036	0	0.00197201790797883	0	0.00551790972902506	7.73085425939566e-05	0.000632169854768952	5.5006078171638e-06	0	0.0487081822541391	0	0	0.00011551276416044	0	0.00247627362823592	0	0	0.000130814454997277	0	0	0	0	0	0	2.28025196784245e-05	0.000113712565238459	0	0	0	0	0	0	3.03033485200115e-05	0	0	0	0	0	0	0	0	0	0	0	0	0.000215123771176715	0	0.000205022655003378	0	0	0	0	0	0	0	0	0	0	0	2.15023760125494e-05	0	0	0	8.06089072842549e-05	0	0	0	0	0	0	0	0	0	0
SRR13836148	0.101704393406111	0.81330764082976	5.98011721029732e-05	5.10009996195925e-05	0.0308340043464852	0.0005659110918574	0	4.54008898574412e-05	0	0	0	0.000246504831494697	0.00315396181765163	0.00564521064612866	2.70005292103725e-06	8.40016464322701e-05	0	0.000598211724949809	0	0	0.0338091626595881	0	0	0	0	0	0	0.000524010270601304	2.45004802094121e-05	0	0	0	0	5.86011485825122e-05	0	0.0053332045308088	5.4701072141014e-05	0	0.000441308649649533	0	0	0	0	3.90007644149825e-06	0	0	0.00064681267752848	0	0	0	0	0	0	0	0	0	0.000403307904834935	0	0.00159173119793148	0	0	0	0	0	0	0	0.000123902428487598	0	0	0	0	0	0	0	0.000653912816691207	0	0	0	0	0	0	0	0	0	0
SRR13836147	0.372761933572718	0.414902229889641	0.0130363488359995	0.00983399544505625	0.000452667707321259	0.000438333898165603	0	0.0298994237708483	0	0.000672385956756201	0.000199771200330219	8.58023820786088e-05	0.00104185742911806	0.00909034138823242	0.00180726279074453	0.00454532104875771	0	0.00384947976792861	0	3.22761297071402e-05	0.0119088894976581	0	0.0149954698146518	0.00370564049423375	0	0.000875164249916278	0	0	8.12917428338221e-05	0.00345214256867674	0	8.33967078147226e-05	0	0	4.42042645989094e-05	0.0002206203772839	0.00288861337236139	0	0	0	0.00011447000038992	6.44520229866185e-05	0	9.31196412979294e-05	0	0	0	0	0.000167595307050741	0.000365562251683045	0.00110771276209195	7.84851228592882e-05	0	0	0	0	0.000449059195925429	0	0.0119194143225626	3.70874782349127e-05	0	0.000319353258530897	0	0	0.00245799767912575	0.00216610920177422	5.12208145352443e-05	0	6.98647900803626e-05	0	0	0	0	0	0	0	0	0	0.000228037872930882	6.48529686972662e-05	0	0	1.05248249045022e-05	0	0
SRR13836146	0.327135124408603	0.555747872912245	0	0.000248551151827046	0.0245331489220482	0	0.000229947323159106	0.00487980426371747	0	0	0	0.000264854507057552	0	0.00739672224543811	0.00263774284747801	0.000602824061191793	0	0.00244300276997006	0	0.0117829249259498	0.0478506476632891	0	0	0	0	0.000469396601820655	0	0.000396881678249384	0.000340570089324383	0	0	0	0	0	0	0.000172235446054798	0.000629729598351341	0	0.000327467392789436	0	0	0	0	0.000756455678578651	0	0.000337769512965768	0	0	0	0	0	0	0	0	1.9103931589121e-05	0	0.000548212822198808	0	0.00997045191900493	0	0	0	0	0	0	0	0	0	0	0	9.90203783938735e-06	0	0.000197940736203511	0	7.07145530550187e-05	0	0	0	0	0	0	0	0	0	0
SRR13836145	0.0504300403942304	0.829055154861013	3.53587022480726e-05	0.000172977016394539	0.057378642760143	0	0	9.31673741774612e-06	0	0	0	0.0001978964827408	0	4.93899332988951e-05	0	0	0	0.0166748272306458	0	0	0.0224491839323771	0	0	0.000948735718732412	0	6.7574408740761e-05	0	0	0.00168464572488595	0	0	0	0	0	0	0	9.86676167493836e-05	0	0	0	0	0	0	0.00395186816300205	0	0	0	0	0	0	0	0	0	0	0	0	0	0	0.000215744208637446	0.00105043408138877	0	0	0	0	0	0	0	0	8.32893875176822e-05	0	0.0154462526398358	0	0	0	0	0	0	0	0	0	0	0	0	0	0
SRR13836144	0.0801332168287806	0.119603017770611	0	0.00204079652870571	0.697893507144738	0	0	1.01009727236733e-05	2.34022536370252e-05	0	0	0.000513149416288789	0	0.00157795195677344	0	0	0	0.000709768350692172	0	0	0.000354734160899695	0	0	0.00159655374812594	0	0.000471545409822966	0	0	0	0	0	0	0	0	0	0.000297428642378261	8.30079936697904e-05	0	0	0	0	0	0	0.093493203395487	0	0	0	0	0	0	0	0	0	0	0	0	0.000194018683999269	0	0.000265325550850547	0	0	0	0	0	0	0	0	0	0	0	0.000173216680766358	0	0	0	0	0	0	0	0	0	0.000557353673158725	0	0	0	0
SRR13836143	0.302422724812916	0.519318996903549	0.0207917724700842	0.014967114216457	0.00483770449545779	0.00303290899892089	0.0263476526851386	0.0140538092432427	0.0134224910580769	0.00063311937827617	0	0.00148728517770171	0.00138281597730337	0.00289651865395638	0.00291503091647908	0.00469450964318765	0.00150219505400377	0.0148466344106336	3.30218736891317e-05	0	0.00392309866055275	4.58303580291585e-05	0.018098288306174	0.00186293400748656	0	0.00193918451582328	0	0.000116477154467119	0.000153701812080322	0	0	1.70112682640981e-05	0	0	0.00078802198576337	0.00106210353738316	0.0108118617772412	0.00132858005142606	5.87389086530918e-05	0	0	0	0	0.00170983259310968	0	0	0	0	9.1660716058317e-05	0.000348230667994479	0	0	0	0	0.000173615002577707	1.69112019801917e-05	0.000339024569875085	0	0.000259672006737263	0	0	0.000385855590743308	0	0	0	0	0	0	0	0	0	0.00164328851431188	0	0	0	0	0	0.000105369796953502	0	7.4249182658593e-05	0	0	0	0	0
SRR13836142	0.182754655700044	0.692507350578904	0.00326100046289943	0.00942322410853851	0.0025295433459107	0.000211345396991274	0.000320068750767665	0.000126327135068613	0	0	1.00021484614895e-06	0.00159514263663835	0	0.0353774990868038	3.80081641536602e-06	0.000285261274121681	0	0.0237134936584378	0	0	0.0313019236532007	0	7.40158986150225e-05	0.000821276410172905	0	0.000291262563198575	0	0.000293763100313947	0.000616532431166215	0	0	0	0	0	0	0.000924998689718552	2.52054141229536e-05	0	0.000679445944988984	0	0	0	7.4516006038097e-05	2.36050703691153e-05	0	0.000374180373944323	0	0	0	0	0	0.0002531543775603	0.000292862906952413	0	0	0	0.000885590224780283	0	0.000113424363553291	0	0	0	0	0	0	0	0	0	0	0	0	0	0	0	0.000672044355127481	0	0	5.83125255304839e-05	0	0	0	0	0	0	8.49182404380461e-05
SRR13836141	0.027479585443625	0.950745554449401	3.38013351527385e-05	0.000233709231514645	0.00395785633532525	0	0.000176606975975551	2.9001145545249e-06	0	0	0	0.000139205498617195	0	0.000123904894243323	0	0.000279711048586419	0	0.0052487073239393	0	0	0.00205288108880301	0	0	0	0	0.000184907303838502	0	0.00196717770351929	0	0	0	0	0	1.37005411713763e-05	0	0.000439517360935757	5.61022160375335e-05	0	0	0	0	0	0	0.00564742307321139	0	0	1.02004029159152e-05	0	0	0	0	0	0	0	0	0	3.07012126979016e-05	0	0.000239909476424319	0	0	0	0	0	0	0	0	0	0	0	0	0	0	0	0.000879934757422918	0	0	0	0	0	5.60022120873774e-05	0	0	0	0
SRR13836139	0.312602941194233	0.275002506219248	0.0517297744080592	0.141873548858795	0.00296438430949734	0.000103570265329104	1.33866329336937e-05	0.00060733039941284	0	0	0.00893462129517385	0.00109307393729258	0	0.00163055228214916	0.0020427196645813	9.56188066692407e-06	0	0.0009510548465449	0	0	0.000103670916704545	0	0	0.00127968158736076	0	0.0438053909681897	0	6.88455408018533e-05	0	0	0	0	0	0	0.00130152293583153	0	0.00707106107887807	0	0	0	0	0	0	0.00168188448362422	0	0.000148561430151368	0.00031755508951732	0	0	0.000148662081526809	0.000256057099122682	0	0	0	0.000121486210157656	2.23446053479699e-05	0.000887946434143201	0	0.141625946475209	0	0	0	0	0	0	0	0.000172516457506398	0	0	0	0	0.000828159517131065	0	0	0	0	0	0	0.000599680894879301	0	0	0	0	0	0
SRR13836138	0.0249695235654923	0.951922693219695	1.41018205450324e-05	0.00946482190850839	0.000794102518635156	0	8.41108587118597e-05	0.000174122479212066	0.000166521497925382	0	0	0	0	0.0045885923872772	0	0.000219228302373836	0	0.00616529593970582	0	0	0.000330642685970759	0	0	0.000237130613562211	0	1.96025306867117e-05	0	0	0	0	0	0	0	0	0	1.17015106650269e-05	0	0	0.000135517495308644	0	0	0	0	0	0	0	0	0	0	0	0	0	0	0	0	0	2.7903602355064e-05	0	0.000224428973780515	0	0	0	0	0	0	0	0	0	0	0	0.00031804105910073	0	0	0	0	0	0	7.70099419835101e-05	0	0	0	0	0	0	0
SRR13836137	0.611859306154121	0.181744457911252	0.00545480518873566	0.000112349164627556	0.000679505244668508	0.00163355224921071	0.043378288731137	0.00133345565885821	0	0	0	0.0429047185843361	0.00200006837643831	0.00090765692939373	0.000690901317719869	0.0269961459401835	0	0.00412031352323642	0	0	0.0163104281090243	0	0	0.0037404444215244	0.00687747253057169	0.0215635573383055	0	0	0.000762270664102128	0	0	0	0	0	0	0.00610207911568315	0.00308108375043153	0	0.000242540665850677	0	0	0	0	0.0154148579237759	0	0	0	0	0	0.00033647193463765	1.95690143306194e-05	0	3.63753442851514e-05	0	0	0	0.000692397771756916	0	9.62335057670461e-05	0	0	0	0	0	0	0	0.000304010393218623	0	0	0	0	0	0	0	0	0	0	0.000251749613770969	0	0	0	0	0	0	0
SRR13836136	0.171869002251144	0.714530259200801	0.000451636617059716	0.00114714292825655	0.000786014651288964	0	0	0.000339808534634776	0	0	0	0.0035577822841992	0.00030481197646582	0.00288862395645141	0.00185029216595006	0.000574225135473386	0	0.0792062619703565	0	0	0.000174681096377806	0	0	0.000702043024647935	0.000690075810791309	0.00508395402779712	0	0.000968036979696465	2.67502427383399e-05	0	0	0	0	0	0	0.000298275263014722	0.00365533016185405	0	1.95095755309697e-05	0	0	0	0.000220136396068519	0.00433947264812821	0	0	5.4908392989224e-05	0	0	0.000354692128338815	0	0	0	0	0	0	0.00032673510773258	0	0.00236739648234308	0.000297873003725424	0	0	0	0	0	0	0	0	0	0	0	0.00291426798614418	0	0	0	0	0	0	0	0	0	0	0	0	0
SRR13836135	0.0726373981567303	0.875508391281372	0	0.00187025186445139	0.000689956024429184	0	0	4.1003329470353e-05	0	0	0	0.000101708258710607	0	8.70070649736759e-05	0	0.000458337216982019	0	0.00314695553278926	0	0	0.00038013086662637	0	0	0.00910123902060847	0	8.45068619571909e-05	0	2.13017297004517e-05	0	0	0	0	0	0	0	0.000791364258777813	0.000146411888645358	0	0	0	0	0	0	0.034330487635596	0	0	0	0	0	0	0	0	0	0	0	0	0	0	0.000293323817894013	0	0	0	0	0	0	0	0	0	8.24066914233436e-05	0	0.000127010313237435	0	0	0	8.59069756464225e-05	0	0	0	0	0	0	0	0	0	0
SRR13836134	0.178962592022796	0.686396972822428	0.000580657078590826	0.000308130289207429	0.00248354413238821	0.000195219190046382	0	2.20021628126045e-06	0	0	0	0.000735272277264855	0	0.0621607103978321	7.67075403512165e-05	0.000214121048099028	0	0.0101954022080371	0	0	0.0456892912573306	0	0	0	0	0.00314300895778055	0	3.20031459092429e-06	6.9006783366805e-06	0	0	0	0	0	0	0.000999498250678042	0.004420934577869	0	0	0	0	0	0	8.00078647731072e-07	0	0	4.36042863013434e-05	0	0	2.49024479106296e-05	0	0	0	0	0	0	0.00214641099220053	0	1.92018875455457e-05	0	0	0	0	0	0	0	0.000692368059780276	0	0	0	0	0	0	0	0.000498348987705492	0	0	0	0	0	0	0	0	0	0
SRR13836133	0.252468064590745	0.552245046495188	0.000508018441069411	0.0264373596761562	0.102612724841912	0.00045161639367509	0	0.0145622286088985	0.0134263873778618	0	0	0.000470117065249469	0	0.0122792457366202	0	0.00360013068474386	0	1.92006969853006e-05	0	0.000399114487855909	0.000162705906224396	0	0	0	0	0.000816829650916328	0	3.83013903404694e-05	0	0	0	0	0	0	0.000515518713329294	0.000184406693962991	0.0162892913012742	0	0	0	0	0	0	1.29004682869988e-05	0	0	0.000413615014225016	0	0	0	0	0	0	0	0	0	0.000390614179294708	0	7.00025410922416e-05	0	0	0	5.53020074628709e-05	0	0	0	0	0	0	0	0	0	0	0	0.000404414680252893	0	0	0	0.00116684235637754	0	0	0	0	0	0
SRR13836132	0.0475888264589695	0.891513616801814	4.57031946533063e-05	0.000106207423898931	0.00712609811425819	0.000182512757641759	0	1.19008318681476e-05	0	0	0	0.000456731925561597	0	0.00628023898870531	0	0	0	0.0104501304641194	0	0	0.0356815941434306	0	0	0	0	4.36030478530449e-05	0	0	0	0	0	0	0	0	0	0	0.000141009856588976	0	0	0	0	0	0	1.51010555637839e-05	0	0	0.000236516532505622	0	0	0	0	0	0	0	0	0	0	0	0.000114908032071442	0	0	0	0	0	0	0	0	0	0	0	0	0	0	0	0	0	0	0	0	0	0	0	0	0	0
SRR13836131	0.381547540740882	0.575394453367641	0	0.00679165589130229	0.00348136391352564	0.000636067466369608	0	4.65195614756005e-05	0	0	0	0.0010691495773973	0	0.00632355905658329	8.67364726867648e-05	0.000282718883290424	0	5.70239785829941e-06	0	0	0.000269113162084657	0	0	0.000520418836120589	0	0.00722954002157907	0	0	0	0	0	0	0	0	0	9.06381133266539e-05	0.00274415391672198	0	9.64405532526427e-05	0	0	0	0	4.9220697303216e-05	0	0	0	0	0	0	0	0	0	0	0	0	0.00017347294537353	0	0.000161367855183104	0	0	0	0	0	0	0	0	0	0	0	0	0	0	0	5.40227165523102e-06	0	0	0.00207697336730095	0.000808840117269312	0	0	0	0	0	0.00844014908268927
SRR13836129	0.209398718439029	0.723200365210109	0.00505701117246654	0.00100936657108118	0.00252956372810591	0.000114279322245014	0.000205884175790621	0.00540005069003447	0	0	0.000273202153973751	0.000829583228148992	0.000553156260849103	0.00216112880559465	0.00676898394698004	0.00165856180379933	0	0.00298446395792425	0	0.00151727466994791	0.00497901100014058	0	0.00485495646250071	0.00312675884594009	0	0.00152513515243038	0	0.00336962759956485	0.00031210146472029	0	0	0	0	0	0.000239643940298628	0.00629977360802696	0	0	0.000221705916171985	0	0	0	1.11860712250411e-05	0.00263618411870135	0	1.95504307897114e-05	0	0	0	0.000296884376837577	0	0	0	0	0	0	0.0010392968697644	6.52016944378521e-05	0.00663162705436985	0	0	0	0	0	0	0	0	0	0	0	0	0.000476970046019094	0	0	0	0	0	0	0	3.62791499190522e-06	0	0	0	0	0
SRR13836180	0.22565816593848	0.679151950608099	0.00357810190423012	0.00016216777878393	0.0100308779463233	1.72178135498987e-05	0	1.11114959537137e-05	0.00646368733091256	0	0	8.28857536006752e-05	4.30445338747468e-06	0.00458894772531661	0.000174080103274848	0.00143698670644649	0.005162941579358	0.0103410989009229	0	3.49361449355503e-05	0.00855445043441945	0.000681104670892505	0.00210257532443066	0	0	0.00789486803046432	0	0	1.44149136696827e-05	0	0	0.000508726328259217	0	0	0.00143418380656627	0.000294404590989838	0.00441086347935574	0	0	0	0	0	7.9882646586158e-05	0.000100804292120628	0	0.00081614438297863	0	0	2.53262024890952e-05	0	0	0	0	0	0	0	0.000418332807122249	0	0.000220227847731263	0	0	0.000387801219141324	0	0	0	0	0	0	9.50983887930453e-06	0	0	0	0	5.19537513511479e-05	0	2.6327238160601e-05	0	0	0	0	0	0	0.00035056269216131	0	0
SRR13836179	0.343803772630764	0.584304382945747	0.00161000332462636	0.00240905386574831	0.000773845792547316	4.80090449040599e-06	0	0	0	0	0	0.000244446053636505	0.000611115134091263	0.00727337030296508	0.00284673632512365	0.000157429659747897	0	0.0236259511291927	0	0	0.0157943756603744	0	0	6.00113061300749e-05	0	0.00807532139054998	0	0.000775146037513467	8.52160547047064e-05	0	0	0	0	0	0	0	0.00387162941498178	0	0.000217641003565072	0	0	0	0	2.10039571455262e-06	0	0	0	0	0	0	0	0	0	0	0.000153128849475241	0	0.00247876699970274	0	5.94111930687742e-05	0	0	7.40139442270924e-05	0	0	0	0	0	0	0	0	0.000391173697124538	0	0	0	0	0	0	0.000240745356425151	0	0	0	0	0	0	0
SRR13836178	0.287018290264573	0.510125457186613	0.00078872003348885	0.00017820452639497	0.000774019660099366	1.00002540064518e-05	0	2.70006858174198e-05	1.55003937100002e-05	0	0	0.000952224186494337	0	0.000126103203021357	0.00122053100148744	0.00409890411216445	0	0.00128103253822647	0	0	0.0430059923522057	0	0	0.0012798325077457	0	0.0106736711112462	0	0	0.000102802611186324	0	0	0	0	0	0	0.000407110340602651	0.0851298622985024	0	8.41021361942593e-05	0	0	0	0	9.60024384619369e-05	0	0	0	0	0	0.00170974342748306	1.3900353068968e-05	0	0	0	0	0	0.000445511315987426	0	0.050435481061219	0	0	0	0	0	0	0	0	0	0	0	0	0	0	0	0	0	0	0	0	0	0	0	0	0	0
SRR13836177	0.109195263759147	0.775096276097271	0.028371953965917	0.00690469234009256	0.00131962343970507	8.34204463514007e-05	0.00364719392723156	0.00504933759264396	0.0342928051665463	0	0	0.000197548419117526	0	0.00136753518287332	0.000134933072095971	0.00140534444992468	0	0.00547094092762136	0	0	0.000166640843670784	0.000529029665170933	0	4.24103947877625e-05	0	0.00352686443447289	0	0	3.65089483432389e-05	0	0	0	0	0	0.000535331209679492	0.00125430743075128	0.00184195146230341	0	0	0	0	0	0	0.00016874135850697	0	0	0	0	0	0	0	0	0	0	0	0	0.000715475363011474	0	7.28178476544601e-05	0	0	0	0	0	0	0.0185218397029112	0	0	0	0	0	0	0	0	1.2703113533127e-05	3.50085806031058e-06	0	3.50085806031058e-05	0	0	0	0	0	0	0
SRR13836176	0.244294188681909	0.623084327265118	1.44205194916515e-05	0.0364405519126096	0.0435005558959	0.000466297077827947	0	0	0	0	0	0.00087965168899074	0	0.0386710936653078	0	0	0	0.000290427245705988	0	0	0.000700655730265696	0	0	0	0	0	0	0	0	0	0	0	0	0	0	0.0069563375914203	0	0	0	0	0	0	0	0.00122413067209201	0	0	0	0	0	0	0	0	0	0	0	0	0.00199678815702231	0	0.000228106399231578	0	0	0	0	0	0	0	0	0	0	0	0	0	0	0	6.907731364882e-05	9.82208810130667e-05	0	0	0	0	0	0	0	0	0.00108516930244519
SRR13836175	0.168479081339514	0.765375895006571	0.00195996297169644	0.0145898238994629	0.000655588655685098	1.84081050886705e-05	0.00136820241952532	0.00136530114209286	0.00280473492478738	0	0	5.46240509696419e-05	5.23230378335581e-05	0.0045691117799167	0.00160120501056615	0.0026697755021536	0	0.000785145699651557	0	0.000117151581841485	0.00181980125849412	0	0.000334547301176708	0.00206871085338875	0	0.000892092788454757	0	0.00188873160852723	0	2.36103956572079e-05	0	0	0	0	0.000593461301010835	0.000266117171390563	0.000296430518357233	0	0	0	0	0	0	0.020138066790808	0	0	0	0	0	0.000319040473520491	0	0	0	0	0	0	0.000338048842905531	0	0.000839669706571804	0	0	0	0	0	0	0	0	0	0	0	0	0.000100544269641923	0	0	0	0.00339979693058854	0	0	0	0	0	0	0	0	0
SRR13836174	0.258185345935648	0.542707766377821	0.00956459637014982	1.71919620094046e-06	0.0022208981040502	0.00173335428730115	0.0121171982117932	0.0103537074263815	0.00225558541563388	0.000479453481685807	0.00195199559238546	0.0005193995110606	0.00138405407094536	0.0027608268403338	9.74885375121532e-05	0.00300495270086734	0.00028437527747321	0.00323127982426174	0	0.00176571562755414	0.0267346133456954	0	0.00879520550563482	0.00224324765466243	0	0.000445170686855289	0	0.000290341899582357	0	0.000563188449590437	0	2.629358895556e-05	0.000318961459868601	0	0.000629124680355918	0.000181324634605073	0.0047446781270308	6.25989675518909e-05	0	0	0	0.000106994681211471	0	0.000266070894392609	0	0.000117916633546858	0.000221675180733029	0	0.00137555921912895	0.000319669364186635	0	0	0	0	0	0	0.00038954963329545	0.0013857732671463	0.0147832670026987	0.000161907830453275	0	0	0	0	0.00011670308328737	0	0	0	0	0	0	0.000382268331738526	0	0	0	0.0624867141528883	0	0	7.82739917369363e-05	0	0	0	0	0	0
SRR13836173	0.204992579500742	0.761797723820228	0	0.000123399987660001	0.00252969974703003	0.000201099979890002	0	0	0	0	0	0.000437399956260004	0	0.000100299989970001	0	4.00999959900004e-05	0	0.0111489988851001	0	0	0.0134391986560801	0	0	0.000295699970430003	0	0.000232799976720002	0	0.000861799913820009	0	0	0	0	0	0	0	0.00340269965973003	0	0	0	0	0	0	0	0.000344699965530004	0	0	0	0	0	0	0	0	0	0	0	0	0	0	4.72999952700005e-05	0	0	0	0	0	0	0	0	0	0	0	4.49999955000005e-06	0	0	0	0	0	0	0	0	0	0	0	0	0	0
SRR13836172	0.276232149791622	0.636888228770913	0.0156687497748081	8.18697530295812e-05	0.00255097342936182	0.0008747452829811	0.00486924859980704	0.021049834458959	0	0	0	9.39800710205095e-05	0.000308062469223779	0.00273603109849592	0.00310394456076577	0.0005635801703051	0	0.00494020905811752	0	0.00307522008751456	0.00444869028412207	0	0	0.00172737172070604	0	0.00464105417815979	0	2.52214887083795e-05	0.000455588161113268	0	0	7.92675359406214e-05	0	0	0.000711906544375808	5.46465588681557e-05	0.00080728780921345	0.00010749158282857	0	0	0	0	0	0.000461192936381797	0	0	0	0	0.000334284810658681	0.000164340017695076	5.64480937758971e-05	0	0	0	0	0	0.00035730442336871	0	0.0068563416030458	0	0	0	0	0	0	0	0	0	0	0	0	0	0.00426703551425815	0	0	0	0	6.50554272239948e-06	0	8.20699235748858e-05	0	0	6.11521015905552e-05	0	0
SRR13836171	0.654096746993077	0.251626553504095	0.000450681952955129	0.00409577116606324	0.0571691508553499	6.74571699515339e-05	1.10093304075204e-06	0	0.00644696380182204	0	0	0.000788768481287892	0	0.00239833258686737	0	0.0155800040534353	0	5.1243428805913e-05	0	0	9.57811745454272e-05	0	0	0	0	0	0	0.00049241732368182	0	0	0	0	0	0	0	0.000742229039110646	0	0	0	0	0	0	0	6.79575940609667e-05	0	0	0.000373016131171168	0	0	0	0	0	0	0	0	0	0	0	2.61221385123892e-05	0	0	0	0	0	0	0	0	0	0	0	0	0	0	0	0	0	0	0.00542970167216716	0	0	0	0	0	0	0
SRR13836169	0.0795394079539408	0.842155084215508	0	0.000596100059610006	0.00184230018423002	0	3.57000035700004e-05	0	0	0	0	0	0	0	0	0.000333700033370003	0	0.0160343016034302	0	0	0.000159400015940002	0	0	0.000196600019660002	0	0.000107200010720001	0	0.000218700021870002	0	0	0	0	0	0	0	2.11000021100002e-05	0	0	0	0	0	0	0	0.0480871048087105	0	0	0	0	0	0	0	0	0	0	0	0	0	0	7.95000079500008e-05	0	0	0	0	0	0	0	0	0	0	0	0.0104877010487701	0	0	0	0	0.000106100010610001	0	0	0	0	0	0	0	0	0
SRR13836168	0.145757463603719	0.73800129480153	0.00500383135267625	0.00674931254870286	0.00941205818717113	0.000180083516477537	0.00934048519166233	0.000207917459175402	0	0.00115249264990331	0.00269999708057518	0	0.00123023933946915	0.00111796181873678	0.000234914290814684	0.00218213925195965	0.000130903241785822	0.00490892388640947	0	0	0.0141357712518692	0	0	0.000559922659309298	0	0.000572165408541065	0	4.91802746917155e-06	0	0	0	0	0	0	0.000687582095743112	0	0.0184773431183245	0	0	0	0	0	2.26019985817246e-05	0.000292256398327578	0	9.57445773253611e-05	0	0	0	2.82524982271557e-06	0	0	0	0	0	0	0.00035964383854346	0	5.46214965725011e-05	0	0	0.000231879763227323	0	0	0	0	0	0	0	0	0	0.00134733024878836	0	8.47574946814672e-06	0	0.0321511337047386	0	0.000746075230961557	0	0	0	0	0	0	0
SRR13836167	0.382546752823534	0.46117409636614	0.000850205919873793	0.000469113619318599	0.000532929075422067	1.10026648454256e-06	1.9004602914826e-05	0.00496520257206295	0.00642585634240613	0	0.00190826218110026	0.00106305747251984	0.000225154532427754	0.0122497668935416	0.00121669468345233	0.00137213233045044	0	0.00475815242451722	0	0.000234556809659299	0.0487113979005715	0	0.00175772572116967	0.000340082367949517	0	0.00342072850044281	0	0.00140934134247315	0	0	0	0	0	0	0.000258962720770971	3.91094723141945e-05	0.00302793336546111	0	0.000111927108745738	0	0	0	0	0.0571301369191618	0	0	0	0	0	0.000291370569952042	0	0	5.73138814220804e-05	0	1.8804554463091e-05	0	0.00176512751388386	0	0.000135932922953939	0	0	0	0	0	0	0	0.000292870933340055	0	0	0	0	0	0	0	0	2.47059837892738e-05	0	0	0	0	0	0	0	0	0
SRR13836166	0.103235989676401	0.840215515978448	0.00199979980002002	0.00314879968512003	0.0249002975099703	0	4.04999959500004e-05	0.000163699983630002	0	0	0	4.32999956700004e-05	0	0.000439699956030004	9.6899990310001e-05	0.000542699945730005	0	0.000181999981800002	0	0	0.00874699912530009	0	0	3.27999967200003e-05	0	0.00276559972344003	0	0.000259799974020003	0	0	0	0	0	0	0	0.00357839964216004	0.00706589929341007	0	0	0	0	0	0	0.000236499976350002	0	0	0	0	0	0	0	0	0	0	0	0	0.000637699936230006	0	0.000105399989460001	0	0	0	0	0	0	0	0	0	0	0	0.00152859984714002	0	0	0	1.60999983900002e-05	1.69999983000002e-05	0	0	0	0	0	0	0	0	0
SRR13836165	0.284068471593153	0.698555530144447	0	0.00161369983863002	0.00095129990487001	2.78999972100003e-05	0	0	0	0	0	0.000149099985090001	0	0.000190899980910002	0	0.000462699953730005	0	3.02999969700003e-05	0	0	0.00739589926041007	0	0	0	0	0	0	0.00570989942901006	0	0	0	0	0	4.39999956000004e-06	0	0	0.000203299979670002	0	0	0	0	0	0	3.41999965800003e-05	0	0	9.9999990000001e-06	0	0	0	0	0	0	0	0	0	0	0	2.78999972100003e-05	0	0	0	0	0	0	0	0	0	0	0	0.000416999958300004	0	0	0	0.000147499985250001	0	0	0	0	0	0	0	0	0	0
SRR13836164	0.258086530109818	0.690782989084373	0.00179690088226169	0.00129830749899885	0.00274236384786988	7.14710659964625e-05	0	0	2.84681384894746e-05	0	0	0.00104490097047283	0.000530269199328593	0.00126452664452367	0.00283678985652158	0.000782573088687774	0	0.00646868279226328	0	0	0.0145715770697164	0	2.20527833369169e-06	0.0010578319207022	0.00102224674759036	0.00371098223598182	0	0	0	0	0	0	0	0	0.000416897844991988	4.31031674312467e-06	0.00575908436843585	0	6.70605093290792e-05	0	0	0	0	0.00290024172857735	0	0.000645144152529078	0	0	0	5.42297990239639e-05	0	0	2.96710175805791e-05	0	0.000758415266941424	0	0.000249396931555678	0	5.81391560700537e-06	0	0	0	0	0	0	0	0.000452683497952349	0	0	0	0	0.000541095111148534	0	0	0	0	0	0	0	0	0	0	0	0	0
SRR13836163	0.228074842378279	0.353899803138484	0.000485128380010231	0.000704041186409405	6.42037559197213e-05	0	0	0	0	0	0	9.31054466686301e-05	0	0.00136277972261377	0.000297517404768179	0.00315928481816186	0	0.219571444929528	0	0	0.0362784222877038	0	0	0.000420324588988456	0	0	0	0.000360621096334136	0	0	0	0	0	0	0	0.000235613783406329	0.000965656490904718	0	0	0	0	0	0	0.153893602775762	0	0	0	0	0	0	0	0	1.35007897962031e-05	0	0	0	7.20042122464164e-05	0	4.36025507492188e-05	0	0	0	0	0	0	0	0	0	0	0	0	0	0	0	0	4.50026326540103e-06	0	0	0	0	0	0	0	0	0
SRR13836162	0.093770990622901	0.834277116572288	0	3.18999968100003e-05	0.0104924989507501	2.37999976200002e-05	0	0	1.84999981500002e-05	0	0	0.000745599925440008	0	0.00774969922503008	0	0.00307409969259003	0	0.0220446977955302	0	0	0.0212084978791502	0	0	0.000225599977440002	0	0	0	0	0.00116449988355001	0	0	0	0	0	0	0.000109899989010001	0	0	0	0	0	0	0	9.5799990420001e-05	0	0	0	0	0	0	0	0	0	0	0	0	0	0	4.94999950500005e-05	0	0	0	0	0	0	0	0	0	0	0	0.000367499963250004	0	0	0	0	0	0	0	0	0	0	0	0	0	0.00454979954502005
SRR13836161	0.0179919503554624	0.946439073879474	0	0.00018739519373072	0.000436450749113041	0	0.000636520013917337	0	0	0	0	3.31939956688877e-05	0	0.000902071979268439	0	0.000115776633378454	0	0.00972453308873047	0	0	0.0193877075794063	0	0	0.000203791015833838	0	0	0	3.26910563405712e-05	0.000112859585274218	0	0	0	0	0	0	2.22299183115884e-05	0	0	0	0	0	0	0	0.00151324385103863	0	0.000221293304459251	0	0	0	0	0	0	0	0	0	0	6.43762340245095e-05	0	1.56917070434742e-05	0	0	0	0	0	0	0	0	0	0.00171733663046945	0	9.40496543951818e-05	0	0	0	0.000147763574659382	0	0	0	0	0	0	0	0	0	0
SRR13836160	0.325795166394049	0.563156691524864	0.000380850306111561	0.0112238236730144	0.00253102803959082	0.000283660911306219	5.07466767933145e-05	0	0.00856227558107948	0	0	0.000615165829530002	0	0.00272300461964915	0.000575129003657564	0.000487548447061607	0	0.0485923952851833	0	0	0.0165192944470324	0	0	0	0	0.00763242030019212	5.71525689329045e-05	3.48320385090206e-05	0.000430796246387427	0	0	0	0	0	0	0.00509248406684468	0.0033273605061936	0	0	0	0	0	0	0.000518276710918703	0	0	0	0	0	0.000439404163950001	0	0	0	0	0	5.29487022162986e-05	0.000443007478278521	0	5.30487942809796e-05	0	0	0	0	0	0	2.80257781107062e-06	0	0	0	0	1.98182288068565e-05	0	0	0	9.00828582129843e-07	0	0	0.000133522814284579	0.000205388916725604	0	5.90543181618453e-05	0	0	0	0
SRR13836158	0.168564156080127	0.637334723415921	0.00131360803473072	0.00148219890520991	0.0248516950636393	0	8.53460014948057e-05	0.000961017988695907	0.000302663135429997	0	0.000124867303476574	3.69198998260062e-05	0.00063864422923956	0.00923277646651545	0.000588317102918473	5.27284206187135e-05	0	0.0853712150849308	0	0	0.0494321439255759	0	0	3.85207626910905e-05	0	0.000196605970618163	0	0	9.45509629690403e-05	0	0	0	0	0	0	0	0.00263992291845305	0	0	0	0	0	3.26175808760922e-05	0.00230164058427492	0	0	0	0	0	0.000872870477187204	0	0	0	0	2.24120801111799e-05	0	0.000503071155352735	0	0	0	0	4.57246455839698e-05	0	0	2.27122418983832e-05	0	0	0	0.000295159090749914	0	0.000358193066062608	0	0	0	0	0	0	0	0	0	0	0	0	0	0
SRR13836157	0.6360576	0.2777905	0.0004443	0.0511496	0.0004093	0	0	0	0	0	0	0	0	2.71e-05	0	0.0009338	0	0.0221593	0	0	0.0026451	0	1.46e-05	0.0009684	0	0	0	0.0066074	0	0	0	0	0	0.0001475	0	0.0003856	0	0	0	0	0	0	0	0	0	0	0	0	0	0	0	0	0	0	0	0	0	0	2.22e-05	0	0	0	0	0	0	0	0	0	0	0	2.1e-05	0	0	0	1.31e-05	0	0	0	0	0	0.0001509	0	0	0	0
SRR13836156	0.111259988874001	0.839665216033478	2.24999977500002e-05	0.00242509975749002	0.00265719973428003	1.66999983300002e-05	0	0	0	0	0	2.53999974600003e-05	0	0.00296489970351003	9.08999909100009e-05	0.00256599974340003	0	0.0117924988207501	0	0	0.00871679912832009	0	6.38999936100006e-05	0.00216459978354002	0	0.000100599989940001	0	0.00192019980798002	0	0	0	0	0	0	0	0	0	0	0	0	0	0	0	0.0115725988427401	0	0	0	0	0	0	0	0	0	0	0	0	0.000504999949500005	0	1.00999989900001e-05	0	0	0	0	0	0	0	0	0	0	0	0.000737999926200007	0	0	0	0	0	0	0.000643199935680006	0	0	0	0	0	0	0
SRR13836155	0.290659113127275	0.548801809100852	0.00866944260774527	0.0247143393229529	0.001212688696644	0.00120708181363442	0.00515232499416283	0.000888190342464409	0	0	0	0.00103346868615913	0.000237091052976634	0.0131449367243228	0.0307705739565891	0.00800312463580291	0.00438338103856294	2.72334317608296e-05	0	0.00113339135122276	7.58931664511354e-05	0.000437737366390982	0.01140429991858	0.00790850848501621	0	0.0301133671695373	0	0	0.000380967675918958	0	0	0	0	0	0.000166103909158883	0.00325539632452799	0.00475633888161107	0	0	0	0	0	0	0.000227279007709865	0	0	0	0	0	0	4.40540807895773e-05	0	0	0	0	0	0	0	3.60442479187451e-06	0	3.05374878200479e-05	0.000641487490042776	0	0	0	0	0	0	0	0	5.80712883135337e-06	0	0	0	2.45301131669237e-05	0	0	7.80958704906143e-05	6.64816128279075e-05	0	0.000236890807154863	0	0	0	0
SRR13836154	0.154411446398358	0.703237184535574	0.0158966125205144	0.00101263636040302	0.000169094521195246	0.000187690853754579	0.000171126907267305	0.000383511251797391	0	0.00026065351374147	9.34897593146794e-06	1.95109062917592e-05	0.000288395583625065	0.00467509768155559	0.00174785202197009	0.000421212013434072	0.000694263082215098	0.00190211012483931	0	4.47124935852815e-06	0.00695655266674458	9.65383384227668e-06	0.0290111933662919	0.000129158134879302	0	0.000469786040556264	4.57286866213106e-06	3.3635989492564e-05	0.00034926554648321	0	0	0	0	0	0.00135844685056373	0.00213156651237469	0.0012804032253967	0	0	0	0	0	0	0.000122451260841509	0	0	0	0	3.16036034205058e-05	0.000195922017346415	0	0	0	0	6.4934735002261e-05	0	0.000332091884174318	0.0072925060844558	0.00372749767545843	0	0	5.49760432491756e-05	0	0	0.000451901043122152	0	8.6986123884093e-05	2.03238607205825e-07	0	0	2.92663594376388e-05	0.00186156402270175	0.0544278071062379	0	0	0	0	0	0	0	0	0	0.000297846178860136	0	0
SRR13836153	0.164434	0.7368761	0.000249	0.0060764	0.0003732	0	0	6.39e-05	0.0010961	0	0	0.0001553	0	0.0098725	0	0.0013245	0	0.0155601	0	0	0.0074627	0	3.2e-06	0.0004424	0	0.0003649	0	7.05e-05	0.0002024	0	0	0	0	0	0	0	0.0001002	0	0	0	0	0	0	0.0195674	0	0.0001252	0	0	0	2.28e-05	0	0	0	0	0	0	0.0001547	5.06e-05	3.88e-05	0	0	0	0	0	0	0	0	0	0	0	0.0351663	0	0	0	9.1e-06	0	0	0	0	1.12e-05	2.83e-05	0	0	0	0
SRR8506019	0.492136284495377	0.256802581351614	0.0252108039689423	0.00923176692964891	0.0674300152466641	0.00178208412759742	0.00257227335617394	0.00513031809575418	0.00235854350269262	0.000202507282646859	0.00470416100862054	0.0028060435147168	0.00153909542872625	0.0343619086707185	0.00684707082885099	0.000189581285882166	0	0.0216280984315656	0	0	0.0233782182725898	0	0	0.00497470512695132	0	0.0021904053432263	0	0	7.94598095690052e-05	0.0001171355830847	0	3.4268921655233e-05	0	0	0	0.000155312364226933	0.00773375412629881	8.4169281258467e-06	4.20846406292335e-05	1.34270043912316e-05	0	0	0.00367078267812224	0.00418511710752666	0	2.32467538713861e-05	0	9.93999131052373e-05	0.000180563148604473	0.00887304546904735	0	0	0.000144290196443086	0	0.000311726945232251	0.000378761765663102	0.000581168846784653	0	0.000203609499425244	0	0	9.29870154855445e-05	0	0	9.7496084124391e-05	0	0	0	0.000122847070027239	0	0.000930371162481984	0	0	0	0	0	0	3.3266906402156e-05	0	0.000165733322858934	0	0	0	0	0
SRR8506020	0.386804578316515	0.355504943833856	0.0384717153947923	0.000494809513377153	0.000253170014443224	0.00185180079079283	0.000489796245764416	0.0011502441210664	0	0.00153907315711029	0	0.00049370659450235	0.000757504736284577	0.00631651666134425	0.00388498160381449	0.00191436637059979	0.00269703771030031	0.000797410346481965	0	0.000162129074595918	0.00613032390220719	0.000335788664701132	0.0150890331261684	0.00235954453461085	0.00035393669345924	0.00179043839521293	0.000581839839134269	0	0.00064360329612319	0	0	0	0	1.96520090419295e-05	0.00252438077371764	0.0105751872330122	0.00791404451881905	0	0.00012242399510304	0	0	0	0	0.00205273255671134	0	1.30344957931165e-05	0	0	0.000269814062917511	0.000750586426979	4.60217966849267e-05	0	7.98112203947748e-05	0	0.000601692378880708	0	0.000445178164011055	0.00819849732316576	0.0809612639851367	0	0	0.000536419634562871	0	0	0.000753895183603407	0	0.000130846284692439	2.27602349618265e-05	3.24859741305365e-05	7.72043212361515e-06	0	0.000441167549920866	0.0407232741450248	0	0	0	0	0	0	6.11618648753927e-06	0	0	0.00404460404460404	0	0
SRR8506021	0.140088918169603	0.814797381056098	0.0141442451195809	0.00304057419001024	0.00094492305612257	2.42005904944081e-05	0	0	0	0	9.07022131340005e-05	6.64016201995329e-05	0	0.00773808880936695	0	0.000946423092723463	0	0.00919912445863679	6.57016031191161e-05	0	0	0	0	0.0014475353198618	0	0	0	0.000511012468704236	0	0	0	0	0	0	0	0.00655075983854006	0	0	0	0	0	0	0	1.81004416507763e-05	0	0	0.000218705336410208	0	0	0	0	0	0	0	0	0	0	4.27010419054225e-05	0	0	0	0	4.42010785063156e-05	0	0	0	0	0	0	1.75004270104191e-05	0	0	0	0	0	0	0	0	0	0	0	0	0	0	0
SRR8506022	0.246970017425044	0.529479623699059	0.0189651474128685	0.0456697141742854	0.0820374050935127	0.00120190300475751	0	0	0	0	0.000150200375500939	0.000396300990752477	0	0.00460021150052875	0.00294000735001837	0.000231200578001445	0	0.0406634016585041	0	0	0.000512701281753204	0	1.41000352500881e-05	0.00306120765301913	0	0	0	0.000202500506251266	0	0	0	0	0	0	0	0.0174656436641092	0	0	0.000635401588503971	0	0	0	0	0.000131500328750822	0	0	9.82002455006137e-05	0	0	1.87000467501169e-05	0	0	7.71001927504819e-05	0	0	0	0	0.000301800754501886	0	0	0	0	0	0	0	0	0	0	0	7.00001750004375e-07	0	0	0.00314650786626967	0	0.000800302000755002	0	0	0	0	0	0	0	0	0	0
SRR8506023	0.245171266677316	0.438586674431518	0.00315608780750025	0.0508047913878174	0.0150283274685169	0.00185352139556857	0	0	0.00567049511027452	0	0	6.02169390249477e-05	0	0.00578652775025615	0	0	0	0.023205727771222	0	0	0.00296783485194385	0	0	0.000644781377001351	0	0	0	0	0	0	0	0	0	0	0	0.00936793520017181	0	0	0	0	0	0	0	0.195045666345943	0	0	0	0	0	0	0	0	0	0	0	0	0	1.11031233085867e-05	0	0	0	0	4.26119867518733e-05	0	0	0	0	0	0	2.26063591688342e-05	0.000978475245086443	0	0	0	0	0	0	0	0	0	0.00155033610954762	0	0	0	0
SRR8506024	0.580929647201306	0.304340457831838	0.0169989227060691	0.00874874379330422	0.000114017960792287	0.000803248999555179	0.000615897900984593	0.00169379456997247	0.00384526828476403	0	4.11871047795927e-06	0.00183272570633876	5.0127720207358e-05	0.00890696254946973	0.00203534617058373	0.0112114312900645	0	0	0	0	0.00796277328648585	0	0	0.00351868468076779	0	0.018231321246157	5.94701610476071e-05	0.000789185110118245	4.55067279637939e-05	0	0	0	0	1.01460916652167e-05	0.000380428209269067	0.00174191316311741	0.00872463426855519	0	0.000213168381322673	0	0	0	0.000135515620360172	0.011705977916479	0	0	0	5.78628593976717e-05	0	0.000335725132130241	0	0	0.000283487828507343	0	0	0.000577322661386145	0.000156611454515573	0	0	0	0	0	0	0	0	0	5.63560141008574e-05	0	0	0	0	0.000387460153987535	0	0	0	0	0	0	0.00239407580757867	0	0	0	0	0	0
SRR8506025	0.401886633968538	0.217928666227703	0.0305766068856678	0.00723340596218898	0.0835448898623888	0.000356279165371886	0.000520638043588217	0.0144362217891817	0.0100460830795766	0.00485605776548249	0.000472178423475294	0.00597285009400157	0.00198694538217175	0.0111917492650796	0.000826640353092945	0.00280157178777836	0.0394128147830917	0.00268940795872533	0.00051084516202373	0	0.0041841853241252	0.00218229822575197	0.000651378060351207	0.00419044469172312	8.60158257004384e-05	0.000568088088282121	0.000292675913973675	0.000258754179894629	8.94483821251038e-05	0.00106197238326633	0	0.000191415499446046	0	0.000963235907286247	0.00153738144808248	0.00157221180003865	0.00495004923699319	0.000983528373208534	4.61375966491788e-05	0.000315997106153019	0	0	0.00102683915868446	0.000367182579897294	0.000262489608945	0.000760513163147186	0.00198694538217175	0.000354562887159553	0.00184893642239182	0.00422557791630499	4.8459620112923e-06	0.000405445488278123	0.000438458604480052	0.00035648108045569	4.54308938558653e-05	0.000371624711740979	0	0	0	0.00155888540450759	0	0.00204075575200547	0	0.00027460451397323	0.000883176576558022	0	4.08878044702788e-05	5.5021860336548e-05	0.0015485877352336	0	0	0.00014386449721024	0	0	0	0	0	6.45118692753288e-05	0	0	0	0.000631994212306038	1.74656547490327e-05	7.21846424598749e-05	0
SRR8506026	0.336679314509526	0.478438193984477	0.0126809555378755	0.0179713812418775	0.00420050837465666	0.00335508466191705	0.026658507542538	0.0198597042807691	0.0038381696351533	0.00118025191845958	1.050402199002e-05	0.0039604164434562	0.000864230914016977	0.00427953863534347	0.003852975304244	0.00409556819306112	0.0021904387189855	0.0154580188754274	0	0	0.00313770142587597	0.000463277388912214	0.00582292959974374	0.00220604469451353	0	0.00221254718431688	0	0.000335028282329304	0.000606132087976486	0	0	0.000119845888990895	0	0	0.000466678691270888	0.0026622193637944	0.0119227652268053	0.000529702823211007	0.000174266726729665	0	0	0	0.000131750447246251	0.00242302777733594	0	0	0	2.93112232673891e-05	4.59175818420873e-05	0.000171765769112993	0	0	2.87109934393879e-05	0	0.000129049413020245	0.000367540731346032	0.000943961442836462	0	3.81145940780725e-05	0	8.01306820381524e-05	0.000553712016331053	3.51134449380668e-05	0	0	0	0	1.94074311053702e-05	0.00016136178542764	1.30049796066914e-05	0	0.00152718475904424	0	0	0	0	0	0.000111642748008212	0	0.000529602784906341	0	0	0	0	0
SRR8506027	0.266306726630673	0.670694767069477	5.40000054000005e-05	7.00000070000007e-05	0.00157140015714002	0.000371200037120004	0	0	0	0	0	0.000237900023790002	0	0.00299350029935003	0.000398500039850004	0.000467100046710005	0	0.0118161011816101	0	0	0.0393215039321504	0	0	0.00156370015637002	0	0.00106830010683001	0	3.26000032600003e-05	0	0	0	0	0	0	0	0.00137730013773001	3.49000034900003e-05	0	6.30000063000006e-06	0	0	0	0.000159500015950002	0.00095120009512001	0	0	0	0	0	0	0	0	6.03000060300006e-05	0	0	0	0.000243800024380002	2.41000024100002e-05	5.37000053700005e-05	0	0	0	7.34000073400007e-05	0	0	0	0	0	0	5.60000056000006e-06	0	0	0	0	0	0	0	0	0	0	0	0	0	0	0
SRR8506028	0.285117283027774	0.28887929995685	0.00250101125455065	0.0192482866172898	0.0389267751704883	0.00130980589412652	0	0	0	0	4.48002016009072e-05	0.0119657538458923	0	9.67004351519582e-05	0	0	0	6.32002844012798e-05	0	0	0.34269434212454	0	0	0.00035310158895715	0	1.10000495002228e-06	0	6.50002925013163e-05	0	0	0	0	0	0	0	0.00598432692947118	0	0	0	0	0	0	0	1.09000490502207e-05	0	0	2.27001021504597e-05	0	0	0	0	0	0	0	1.79000805503625e-05	0	0	0.00119680538562424	3.66001647007412e-05	0	0	0	0.000614702766162448	0	0	0	0	0	0	0.00029680133560601	4.70002115009518e-05	0	0	0	0.000379201706407679	0	0	0	0	0	0	0	0	0	0
SRR8506029	0.263765118523462	0.547707574106173	0.00387866049522017	0.0437731969405246	0.0182868714319324	0.00170050879223064	0	0	0	0	0	0.00170871124640492	0	0.00836110164161117	0	0.00184895320679947	0	0.0258872454638428	0	0	0.0719371235873773	0	0	0.00104831365544571	0	0	0	9.60287317965535e-06	0	0	0	0	0	0	0	0.00258287279554043	0	0	0	0	0	0	0	0	0	0	0	0	0	0	0	0	0	0	0	0	0	1.9105716430356e-05	1.5204549201121e-05	0	0	0	2.62078413861427e-05	0	0	0	0	0	0	0	0.00511433020759811	0	0	0	8.36250206061654e-05	0	0	0.000393117620792141	0	0	0	0	0	0	0
SRR8506030	0.246815317202088	0.328347877538235	0.00220693457128101	6.06091883529543e-05	0.000296044880403869	0.0037407671002924	0	0	0	0	7.90119782158975e-06	0.0046797094439517	0	0.00366335536467328	0	0.000253338406102365	0	0.00533700909057813	0	0	0.000518978677167459	0	0	0.000971547286568644	0	0.00326589510969863	0	0.000221033508679916	0	0	0	0	0	0	0	0.0021641280818172	0.00485553609927265	0	0	0	0	0	0.00144851959557069	0.213179818060418	0	0	0	0	0	0	0	0	0.000259539346164879	0	0	0	0.000222033660302902	0	0.105877551036737	0	0	0	0	0	0	0	0.000246937435715254	0	0	0	0	0	0	0	5.50083392642325e-06	0	0.000443767275118908	0	0	0	0	0	0	0	0
SRR8506031	0.79650050820678	0.000705874231572288	0.0148790993329174	0.0750761279846523	0.0571012173780445	0.0181229680100189	0	0	0	0	0.00038276496428128	0.0127370579850284	0	0	0	0	0	0	0	0	0	0	0.000319709201659438	0	0	0	0	7.572873452133e-05	0	0	0	0	0	0	0	0.0201570315160326	0	0	0	0	0	0	0	6.31587949137079e-05	0	0	6.95467970093847e-05	0	0	0	0	0	0	0	0	0	0	0.000861349959997713	0	0	0	0	0.00231946295448188	0	0	0	0	0	0	3.0291493808532e-05	0	0	0	0	1.74124573253126e-05	0	0	0	0	0	0	0	0	0	0
SRR8506032	0.751263564189061	0.127114357409356	0.00119936092753512	0.00177509017458087	8.14041353300748e-05	0.00032191635335075	0	0	0	0	1.45007366374212e-05	9.00045722322694e-06	0	0.00181479219144333	0.00785789918127841	7.03035714214282e-05	0	0.000402720458199277	0	0	0.0174843882069209	0	2.35011938606481e-05	0.00123396268530441	0	0	0	0	0	0	0	0	0	0	0	0.0833398336635501	0.000137206970114082	0	0	0	0	0	0	0.00548687873343966	0	0	0	0	0	0	0	0	0	0	0	0	0	6.19031446797497e-05	4.43022505543282e-05	0	0	0	0.000239712177378611	0	0	0	0	0	0	0	0	0	0	0	0	0	0	0	0	0	0	0	0	0	0
SRR8506033	0.321627133165154	0.292543974441803	0.0563963802562525	0.039426541951685	0.00772050525881728	0.00143164338227751	0.00268313029866439	0	0	0	0.000142523781904584	0.00178084666532884	0	0.0143781874558054	0.000522854098784795	0.00704501859865293	0	0.00654368318884952	0	2.38206882677606e-05	0.0573685245635835	0	4.29372910372659e-05	0.0032498224708159	0	0.0125456959369212	0	3.70321624330731e-06	0.000530861052824378	0	0	2.71235568090887e-05	0	0	0	0.0676773778026216	0.0415755083289837	0	0.00291393074885538	0.000187062463749767	0	0	0	0	0	0	0	8.73758859569536e-05	0	0.000590412773493779	0.000181757856698543	0	0	0	0	0	0.00111346704612956	0.000178755248933699	0.0563931774746367	0	0	0.00116491172583389	3.9033900942969e-05	0	0	0	0	1.70147773341147e-06	0	0	0	0	0	0	0	0	0	0.000109795357267787	8.78763205844276e-05	0	0	0	0	0	0
SRR8506034	0.321215179119422	0.640902181045558	0.000169452710782958	0.000519768415295865	0.000218496909414765	0.000619458255780109	6.53589014419795e-05	0.000965069720832414	0.00298919386150799	0	1.75157852256454e-05	0.00639916692923663	0.000947053484600322	0.00292163297563764	0.000430387865544429	0.000480933417195577	0.000144930611467054	0.00360765121527521	0	0	0.00894476101862999	0	0	0.000928036346355335	0	0.000142628536837398	0	2.75248053545856e-05	6.0754752182667e-05	0.000179962181918345	0	0	0	0	9.27836165952757e-05	0.000127514916442698	0.00282834890803592	0	0.000350215614311618	0	0	0	0	0.00271194400393635	0	4.64418533982825e-05	0	0	0	0	0	4.30387865544429e-05	0.000201881936000724	0	0	0	0.000150735843141839	3.30297664255027e-05	0.00013722366596777	0	0	0	1.25112751611753e-05	0	0	0	0	0	0	0	0	0	0	0	0	0	0	0	2.40216483094565e-05	0	0.00012721464583883	0	0	0	0
SRR8506035	0.674528606835474	0.262777458312826	0.00371522282630343	0.000799407389734721	0.000207958006493334	0.000823525714838134	3.97301869960796e-05	0	0.00547115698507726	0	6.70509453082452e-06	0.00278111308972557	0	0.00174992959650743	0	0.00865447567061453	0	0.011194405509306	0.000546114938129991	0	0.0104127115782572	0	0	0.00364607028420194	0	0.00113246044344493	0	0.00614576955570843	0	0	0	0	0	0	0	0.00277881134085678	0	0	0	0	0	0	0	0.000288118912749907	0	0	0.000773187467838063	0	0	0	0	0	0.000400404227131775	0	4.00304151094001e-07	0	0.00012579557948129	0.000141607593449503	2.08158158568881e-05	0	0	0	0.000387994798447861	0	0	0	0	0	0	0	1.1808972457273e-05	0	0	0	0.000339858224278807	0	0	0	0	0	0	0	0	0	0
SRR8506036	0.419165321923105	0.413726988878229	0.000937202059683604	0.000182578326101898	0.000343647424745216	0.000246505750967165	0	0	0	0	0.000704402188538883	0.00062766927011688	0	0.00231189180158288	0	0.00444710780925017	0	0.00688515373095058	0	0	0.0265472887868896	0	0	0.00168292197352664	0	0.0215922630808617	0	0	0	0	0	0	0	0	0	0.00027982004279836	0.0500170573175892	0	0.000357753476241308	0	0	0	0	0	0	0	0	0	0	0.000286522918331964	3.62155364651435e-05	0	0	0	0	0	0.000701100772231287	5.82249785157833e-05	0	0	0	0	0	0	0	0.0251933079291016	0	1.26054077199118e-05	0	0	3.03130042788356e-05	0	0	0	1.89081115798678e-05	0.00520563321664994	0	0.000297527639357284	0	0	0	0	0	0	0.0181040666445905
SRR8506037	0.360595038136134	0.331867189672673	0.0132337453327537	0.0808196884252292	0.000447874928341015	0.00104122638014451	0.00919845347110599	0.0141645340484339	0	0.000900568954767745	3.83519889321381e-05	0.0021352620434783	0.000612828639899923	0.0102503220261898	0.00281555805657822	0.00277660368038537	0.00134171722536412	0.0022055405572283	0	0	0.000835209936980253	0	0.0177655046951067	0.0021443982502658	0	0.00366211295363526	0	1.89751987124976e-05	1.15457558303557e-05	0.00471749543440655	0	7.69047736178475e-05	0.000130718035574984	0	0.012004272933636	0.00837569287084717	0.00495001691704224	0.00154813526003552	0.000152705170591052	0.000423879835789233	0.000599977711671354	0.00106562306420344	0.000639434077248134	0.00100026404641595	0	0.00121220396431056	0.00062015768490528	1.70676390535693e-06	0	0.00110126431046236	5.43152513410646e-05	0.000149994427917838	9.83899192499877e-05	0	0	0	1.06421749392844e-05	5.93351451803497e-05	0.0662207327639435	1.02405834321416e-05	0	0.000184129706024977	1.03409813089273e-05	0	0.00264819479597645	0	0	0	0.000516647473939221	4.81909808571368e-06	0	3.24285142017817e-05	6.87725455982057e-05	0	0	0	0	0.000226296814274972	6.63629965553488e-05	9.73859404821307e-06	0	0	3.35328908464244e-05	0	0
SRR8506038	0.675664525479065	0.151369185714829	0.00753072160490985	0.00416090334229443	0.000917694723630664	0.00155224424351488	0	0	0	0	0.000155434606369116	0.0017336012987247	0	0.0392607998526724	0	0.00716970896796626	0	0.0312581695748518	0	0	0.0257832282756867	0	0.000152732266142479	0.00154473774288534	0	0	0	0.0247802597049044	0.000417461521677773	0	0	0	0	0	0	0.0237102330618315	0	0	0	0	0	0	0	0	0	0	0	0	0	0	0	0	0	0	0	0	0.00239347274739925	0.000102789015287239	7.91685599729366e-05	0	0	0	0.000134416404606389	0	0	0	0	0	0	7.30632727942398e-06	2.60225355157566e-06	0	0	0	0	0	0	0	0	0	0	0	0	0	0
SRR8506052	0.369763424290686	0.526637060438086	0.00730360472286837	0.0034395274316714	0.000764451132330673	0.000464059235512676	0.0142444872356566	0	0	0	0	0.00366451975599492	0	0.00621463383052147	0.000171911025287408	0.0330332564391738	0	0.000951743670406955	0	0	0.00993143062344589	0	0	0.00177249315020017	0	0.00517231014035781	0	0	0	0	0	0	0	0	0	0.00123031995758322	0.00655513829990653	0	0	0	0	0	0	0.000148989555249087	0	0	0	0	0	0.000223785931163608	0	0	0.000342615657414905	0	0	0	0.000406152363836917	1.50799144988954e-05	0	0	0	0	2.86518375479014e-05	0	0	0	0	0	0.00617150527505462	0	0.000958479365549795	0	0	0	0	0	0	0	0	0	0.000236251993816029	0	0	0	0
SRR8506053	0.257923191666695	0.422684395744653	0.00198401530646276	0.000827557722226239	0.158535742621636	0.000696658782016909	0.0201405095464086	0	0.0130397177630563	0.00291593163289567	0.00492498499219113	0.00802740004258472	0.000180774741452059	0.0049720565315166	0.000863312061671328	0.00428240840429284	0.00818814434177062	0.00256309539237733	0	0	0.0101882841542576	0.0001399126392291	0	0.00274106587191213	0.000106962561701274	0.0119900224360984	0	0.000639171412713041	0.00066601220534969	0	0	8.41278575178556e-06	0.000109366214773212	0.001948661575863	0.000195797573151676	0.0358129284887172	0.0117335326228803	0.00191370845410855	7.88197903173243e-05	0	0.000167554649556396	0	0.000229548868370149	0.000210620100428631	0	0.0016151547121315	0.00060562042191723	0	0	0	0.000522393934301351	0	4.94751923974056e-05	0	0	0	0.000242969264688474	0.000868019215603875	1.40213095863093e-05	0.000690148888280409	0.000268007317521169	0.00117438483006473	0	0	0.000534912960717699	0	0	0	0.000233054195766726	0	0.000255488291104821	2.40365307193873e-06	5.02764100880518e-05	0	0	0	0	6.34965019837149e-05	0	0	0	0	0	0	0
SRR8506054	0.428758391348822	0.418023511299978	0.0143333282098038	0.017880880382518	0.000148819869630944	0.00213905659399771	0.00200927182397073	4.78422289511243e-05	0.00672295287937437	0	1.49634205442878e-05	0.000378360776619849	0.000656354664418828	0.0044647996728813	8.51998843235979e-05	0.0136189521187847	0.0337341663852967	0.00260791043771873	0	0	0.000252545893676041	0	0.0189935684775493	0.00202107969324377	0	0.00210811183314422	0	2.00530193688755e-05	0	0	0	0	0	0	7.47153107449473e-05	0.00929554150125046	0.00132848708519388	0.000106270823457391	0.000340595953341408	0	0	0	4.11239585026685e-05	0.0106622005776287	0	8.19425410758618e-05	0	0	0	0.000261503587607315	7.53260626038978e-06	0	4.07167905967015e-05	0	0	0	0.000403198018883837	0.000145766110336191	0.000133856449086656	3.90881189728335e-05	0	0	9.59898338317238e-05	0	0	0	0.000113803429717781	0	0	6.00572661301347e-05	0	0	0.00020083556961823	0	0	0	0	8.00084935225185e-05	0	0.00050672045897595	0	0	0	0.000384264711256371	0
SRR8506055	0.15743875421805	0.677323035668203	0.0190522627134336	0.00962572125064078	0.0086848996785785	9.68360255651113e-05	0	0	0	0	3.44483896529455e-05	0.00160174997819437	0	0.0921691700331456	0	0.00168106138693022	0	0.0124493876548388	0	0	0.00991122229395632	0	0	0.00116493638614161	0	9.27302581936847e-05	0	0.00207731800860669	0	0	0	0	0	0.000150711704731637	0	0.000259965173078624	0	0	0	0	0	0	0	7.25018433393388e-05	0	2.30323535470275e-06	0	0	0	0	0	0	4.52635817532888e-05	0	0	0	1.47206781365785e-05	0.000440919359424183	0	0	0	0	0.000101642777609708	0	0	0	0	0	3.69519063428398e-05	0	0.00541570744424693	0	0	0	5.00703337978859e-07	0	0	0	0	0	0	0	0	0	0
SRR8506056	0.232207384619015	0.662785691806902	0.00470745036971896	0.0140018498197931	0.0546916852010316	0.00128501374964712	0	0	0	0	1.44001540816487e-05	0.000628906729302003	0	0.0019032203644579	0.0019102204393587	0.000244602617248005	0	0.0201949160856021	0	0	0.000286703067722825	0	0	3.92004194444881e-05	0	0.00319883422752623	0	4.09004376346827e-05	0.000606906493899485	0	0	0	0	0	0	0	0	0	0	0	0	0	5.96006377268237e-05	0	0	0	0	0.00022220237756544	0	0	0	0	0	0	0	0	0.000904609679323569	5.02005371457475e-05	0	0	0	0	0	0	0	0	1.55001658517746e-05	0	0	0	0	0	0	0	0	0	0	0	0	0	0	0	0	0	0
SRR8506057	0.0878308654507508	0.805005799760807	0.00475614396530787	0.0175530290996346	0.0582278779837559	0.000294689467722401	0	0	0.00152716364688319	0	0	0.00115024921566187	8.12246598067173e-05	0.000224068027053013	3.25098699965309e-05	0.000509954822284045	0	0.0018651662644779	0	1.51045857522344e-05	0.00094568711060678	0	0	0.000243273857943272	0	7.41225035920906e-05	3.60109329192343e-06	0.000185056183057176	0.000337502465748601	0	0	0	0	5.37163082711911e-05	0	0	0	0	0	0	0	0	6.59200133160428e-05	0.000237071975051626	0	0	0	7.76235665147939e-05	0	0	0	0	0	0	3.31100522118515e-05	0	0	0	0	0	0	0	0	0	0	0	0	0	0	5.00151846100476e-06	0	7.57229894996121e-05	0	0	0	0	0	0	0	0	0	0	0	0	0
SRR8506058	0.493801950906865	0.306216617088309	0.00169254417543315	0.00143454359244236	0.000814939853174031	0.00941425519104214	0.0133721752456638	0.00817102431160113	0.00793153137277031	8.48937590815702e-05	7.24212162781168e-06	0.00857416908221599	0.00033293642483412	0.0101781984377537	0.00106710650485353	0.00281959935376135	0.000161036621196201	0.00838436514455375	0	0	0.0163259550195849	0	0.00190608617843099	0.00856632345045252	0	0.0417890534929256	0.000331729404562818	0	3.25895473251525e-05	0.000944795117361599	0.000200264780013515	0	0	0	0.000254379522176885	0.0377392993126623	0.00414530995174132	0	0.00134924749327036	0	0	0	0.000116376871158029	0.00365646674186403	0	0.00010833006934935	0	2.63532759234258e-05	0	0.000479086462684264	0	4.00328389981812e-05	0.000117181551338897	0	0.000574139309049292	0	0.00270523418305549	0.000225008695575205	0.000746240282732428	0	0	0	9.85733221563256e-06	0	0	0	0.000424066455317417	0	4.60679403546909e-05	5.6629367728583e-05	0	0.000274999451811627	0	0	0	0	0	0	0	0.00181415146776683	0	0	0	0	0
SRR8506078	0.0192722786770796	0.242105642455165	0.0642922095633222	0.000406474973162743	0.00107769417287448	0.00727060713508211	0.00108810377573311	0	0	0	0.000428595379237346	0.00506817539179893	0	0.000572928526565757	0	1.36125575843716e-05	0.000528087160405474	0	0	0	0.002762548450946	0	2.13196673931702e-05	0.021078244680718	0	0	0	5.23482912987231e-05	0	0	0	0	0	5.07468139358558e-05	0	0.000982706546789413	1.70156969804645e-05	0	0	0	0	0	0	5.00461675896014e-06	0	7.28672200104596e-05	0	0	0	0	0	0	0	0	0	0	0	0.0043213864790269	0.000423991131819103	0.000977001283684199	0	0	0.000104596490262267	0	0	0	0	0	0	5.20480142931855e-06	0.626007091541947	0	0	0	0	0	0	0.00046082511116505	0	0	0	0	0	0	4.20387807752652e-06
SRR8506079	0.208519634396786	0.675499679440258	0.00267274877952644	0.00426429012502881	0.00991568783455015	0.0019115507276411	0	0	0	0	0.00119618266231595	0.00695164846358973	0	0.00282694967317116	0	4.00261891355514e-06	0	0.0129165512995153	0	0	0.0344868647556096	0	0	0.00805336931954578	0	6.37417061983656e-05	0	0.00628241058124331	0	0	0	0	0	3.45225881294131e-05	0	0.00068614894725619	0	0	0	0	0	0	0	0.00752092093857011	0	0	0	0	0	0	0	0	0	0	0	0	0.000148797358111412	2.41157789541697e-05	0	0	0	0	0	0	0	0	0	0	0	0	0.0139722420379654	0	0	0	0.000150598536622512	0	0	0	0	0	0.00114344815812986	0	0	0	0
SRR8506080	0.108725272484342	0.671483949622354	0.0220798194734636	0	0.111617743544372	8.05493203488496e-05	0	0	0	0	0	0.000188315305461534	0	0.00604219963883886	0.00125316731434657	0	0	0.0375181723769464	0	9.70594294886759e-06	0.0230602197725667	0	0.0032803085329147	0.0015968777682575	0	0.000915660659021519	0	0	3.1419237999427e-05	0	0	0	0	0	0	0.0104615055798666	0	0	0	0	0	0	0	0	0	0	0	0	0	0	0	0	0	0	0	0	0.000949981673778855	1.87114570251365e-05	2.69164809612926e-05	0	0	0	0	0	0	0	0	0	0	3.80232816553576e-06	0	0	0	0	0.000639891805752662	0	0	0	0	0	0	0	0	0	0
SRR8506081	0.456966743344707	0.455291137627505	0.0007874469801494	0.00843367712435775	0.000351230992042057	0.000246486732360169	0	0	0	0	0.0001003085066251	0.0125965305555841	0.000151319666778165	0.0169776431997184	0.00053108061598093	0.000340847297386394	0	0.0012589473675721	0	0	0.00115359823247338	0	0	0.000783716915078919	0	0.00309141744287305	0	0	0.000157570046085458	0	0	0	0	0	0	6.49232947402655e-05	0.00185989109419745	0	0	0	0	0	0	0.00391888701310301	0	0	0.000128132775799499	0	0	0	0	0	6.45200444623756e-06	0	0	0	0.000174607370326304	1.1795070628278e-05	0.0345495764964769	0	0	0	3.32681479259124e-05	0	0	0	0	0	0	0	0	0	0	0	1.36096968787824e-05	0	0	0	0	0	0	0	0	0	0
SRR8506082	0.534578036800007	0.406450582014584	0.00249236855957606	0.000362899267988052	0.00517944403271837	2.16118670762116e-05	0	0	0	0	7.00384581173522e-07	0.00122817439055786	0	0	0	0.00264054992596435	0	0.0204714408681807	0	0	0.0145832076393147	0	0	0.00140877355756046	0	0	0	0.00401020200191925	0.000707888701686096	0	0	0	0	0	0	0.000455450087643125	0	0	0	0	0	0	0	3.74205476226996e-05	0	0	0.00018149966146411	0	0	0	0	0	0	0	0	0	0	1.96107682728586e-05	0	0	0	0	0.000199409495754119	0	0	0	0	0	0	0	0.00426964446177396	0	0	0	0.000419330254242605	0	0	0	0	0	0	0	0	0	0
SRR8506083	0.109775210977521	0.785929378592938	0.00198150019815002	0.0095335009533501	0.0222091022209102	0.000594300059430006	0	0	0	0	0	0.00108910010891001	0	0.0138404013840401	0	0	0	0	0	0	0	0	0	0	0	0	0	0	0	0	0	0	0	0	0	0	0	0	0	0	0	0	0	6.50000065000007e-06	0	0	0	0	0	0	0	0	0	0	0	0	0.000362500036250004	0	0	0	0	0	0.000808600080860008	0	0	0	0	0	0	0.000105900010590001	0.0533387053338705	0	0	0	0.000177600017760002	0	0	0	0	0	0	0	0	0	0
SRR8506084	0.300422216563954	0.586585798330135	0.000654356667287387	0.00193676772408491	0.000813670463862171	0.00296325661802312	0	0	0	0	0	0.000165014290237535	0.000466440393738098	0.000842772984140427	0.000413635820862087	0.000414035855505087	0	0.019030848071443	0	0	0.0151751141648867	0	0	0.00111389646343373	0	0.0174946150336619	0	0.00110409561468023	0	0	0	0	0	0.000162014030415034	0	0.00599001873562251	0	0	0	0	0	0	5.10044169825107e-05	0.0151510120776459	0	0.000308626727074565	0.000151313103714782	0	0	0.000356930910216825	0	0	0.000211618326147044	0	0	0	0.00042993723256434	1.70014723275036e-05	0.0274860802945535	0	0	0	6.60057160950138e-06	0	0	0	2.80024250100059e-06	0	0	2.70023384025057e-06	0	0	0	0	6.2105378325763e-05	0	0	1.37011865227529e-05	0	0	0	0	0	0	0
SRR8506085	0.354781595771639	0.484045689056802	0.00412699907151535	0.0206634408419062	0.0428907823609952	0.000810195502608671	0.0184079342869248	0	0	0	0	0.00105588836549643	0	0.00441295631715112	0.00071093678792389	0.00143940160316346	0	0.0230687869903976	0	0	0	0	0	0.00691956438344913	0	0.000334534921339221	0	0	0.00044400997194514	0	0	0	0	0	0	0.0102527942179545	0	0	0	0	0	0	0	0.00279086258928026	0	0	0.000509114073403372	0	0	0	0	0	0	0	0	0	0.000297976464366522	0	0	0	0	0	0	0	0	0	0	0	0	0	0	0	0	0	0.000297275343273895	0	0	0.00210316295756915	0	1.94310702813799e-05	0	0	0	0	0.0193089750511067
SRR8506086	0.351565037690834	0.48360406702584	0.00345565986562189	8.00060164524372e-07	0.116140133738057	1.10008272622101e-05	0	0	0	0	0.000488436730442129	0.0134713130427408	0	0.000557541927152922	0	0.00628207241184537	0	0.0146234996871765	0	0	0	0	0	0.00441513201792775	0	6.00045123393279e-07	0	0.000156711784726211	0	0	0	0	0	0	0	0.00360987146233397	0	0	0	0	0	0	0	0	0	0	0	0	0	0	0	0	0	0	0	0	0	0.000551841498480686	0	0	0	0	0.000632547567577082	0	0	0	0	0	0	0.00024791864348199	0.000128309648885596	0	0	0	0	0	0	0	0	0	0	0	0	0	0
SRR8506087	0.28750642757858	0.159526174060178	0.250824245371518	0.10218422147858	0.0217446946283797	0.00342130718419497	0	0	0	0	0.000248051272197963	0.00564546691801195	0	0.00210403490401466	0	0.00178656928387098	0	0.00782701784458848	0	0	0	0	0	0.000705145753627275	0	0	0	0	0	0	0	0	0	0	0	0.12834392869006	4.20086831948164e-06	0	0	0	0	0	0	0.0269703747764663	0	0	0	0	0	0	0	0	0	0	0	0	0	0.000845474759632816	0	0	0	0	9.70200540451711e-06	0	0	0	0	0	0	0	0.000297861567986103	0	0	0	0	0	0	0	0	0	0	0	0	0	0
SRR8506088	0.491937082607937	0.165722189226981	0.061320125537827	0.0533953870477726	0.00613830453773396	0.00232742219966943	0.00176246934569893	0.0136290287053157	0.0185824619054534	0.000429731286395609	0.000152761620080831	0.00801549806406769	0.000610638572125512	0.00183171176227763	0.000870985979379425	0.00233496850132897	0.00665196293582951	0.00367821019672597	0	0	0.0108189491305845	6.76107837874439e-05	0.00107096297335707	0.00513780770554902	0.000547412801464554	0.00689884937255561	0	3.88532558416533e-05	0	0.000551287929343774	7.78084887327598e-05	0	0	0	0.00195663364785775	0.0198559512990244	0.0138002481713476	0.000620326391823562	0.000236076869484061	0	0	0.00123218868854251	0.000282578404034702	0.0271720907579424	0	0.000200486879224909	0	8.21935018592456e-05	6.37356559082239e-05	0.00086568317280786	0	0.00128797013459339	0.000266160099072743	0	0	0	0.000632257706609581	3.38563804184485e-05	0.0182433882160217	0	0	0.00082917538910363	2.80436885996185e-05	0	0	2.0599363989538e-05	5.16003870232981e-05	0	0.000228122659626715	0	0	0.000194164302158813	0	3.03891607370412e-05	0	0.0340402450386126	0.000487960181633362	0	0	8.67824690846377e-05	0	0	0.00313355077559665	0	0
SRR8506089	0.303617919014233	0.541225443657343	0.00279272002250972	0.00367812106126374	0.00182534856764232	0.000281170581741833	0	0.0067318204233109	0.00782717019941413	0	1.98898803804512e-05	0.00555851838874691	0	0.0105186326490779	0.00148882786423569	0.000679470459057435	0	0.00292160242921739	0	0	0.017221220975466	0	0	0.00781883252228495	0	0.0112676172355256	0	2.1798505265444e-05	0.000198999257745828	0	0	0	0	0	0	0.000718446588287814	0	0	5.41446743690061e-05	0	0	0	0	0.00144040906452167	0	0.00012737559758794	0	0	0	0	4.10856619980028e-05	0	0	0	0	0	0.00111051832124186	2.37071301504368e-05	2.07939658522899e-05	0	6.75050485639557e-05	0	0.000111604328801421	0	0	0	7.59431796344501e-05	0	0	3.81724976998559e-06	8.99062774772921e-05	0	0.000250632583581948	0	2.51134853288526e-06	0	0	0.00135843864840829	0	0	0	0	0	0	0
SRR8506090	0.612602353245361	0.260620757993116	0.00657128022443194	6.70406064953542e-05	0.0334146392469919	0.000312489274753718	0	7.10430307637336e-06	0.00330940450630947	0	2.70163638115607e-05	0.000726239883497434	0.000766164065574518	0.00209787068027104	0.00726960319865743	0.00168321952606694	1.33080606923614e-05	0.00242156674297622	0	0.0355762485337369	0.0104769458861232	0	0.000257055698636664	0	0	0.00687416368094155	0	0.000450072608979259	0.000503404912355414	0	0	0.000150991455524611	0	0	0.000113969031042102	0	3.11188486866495e-05	0	3.80230305496039e-05	0	0	0	0.000797983338508134	0.0020468397708492	0	6.90418186295439e-06	0.00102752237029969	0.000137983576652378	0	0.000113668849221974	4.90296972876471e-06	0	6.40387882940697e-05	0	0.00038583369947177	0	0.00031599139598855	5.70345458244058e-06	3.22195153604538e-05	0	0	7.00424246966387e-07	1.09066061313337e-05	0	0	0	4.47270911991393e-05	0	0.00250131504652368	9.60581824411046e-06	0	0	0	0	0	0	0	0	0.00538055900458908	0	0	0	0	0	0
SRR8506091	0.532519008493301	0.275068563421265	0.00961858570887815	0.016074591080313	0.00587120560383427	0.00298351917014852	0	0.0114054961174737	0	0	4.3614898849447e-05	0.00216944108107329	0	0.00545186235618087	0.00231589110840263	0.00448593239450596	8.5029045922087e-06	0.0142838793731939	0	1.1403895570727e-05	0.0119745905201217	0	0	0.00146710116175686	0	0.0221106529990645	0.000172358877792654	0	0.000870897498585517	0	0	0	0	0	8.87303102739896e-05	0.00632185954722133	0.0142034518991688	0	4.371493302112e-05	0	0	0	0.00316598149928015	0	0	1.40047840342261e-06	0	7.02239885144765e-05	0	0.000946123195683645	0.00018966478949209	0	0.000116639844170769	0	0	0	0.000637817878587325	5.68194095102887e-05	0.0547153907774896	0	0.000136146507647012	0.000123542202016209	0	0	7.89269614500313e-05	0	0	0	3.39115841971618e-05	6.90235784544e-06	0	0	0	0	0	0	0	1.44049207209183e-05	0	0	0	0	0	0	0
SRR8506092	0.149071736988046	0.656386669944328	0.00147874817056669	0.000472947389328411	0.000809581120028227	0.00285598616981422	0	0	0	0	2.4902495230022e-05	0.0113439366624536	0	0	1.40014029405746e-06	1.62016234026649e-05	0	0	0	0	0.0194826521617466	0	0	0.00132323258790531	0	0.000547954905081489	0	0.000103410361718244	0	0	0	0	0	0	0	0	0.0227644810009963	0	0	0	0	0	0	0.132620488572955	0	0	0	0	0	0	0	0	0	0	0	0	0.000554455556446756	0	0	0	0	0	0	0	0	0	9.87098907310512e-05	0	0	0	4.25042589267445e-05	0	0	0	0	0	0	0	0	0	0	0	0	0	0
SRR8506093	0.46635002226406	0.160737796681363	0.0478406866824869	0.0138626070162134	0.0107060781583667	0.00807655551462627	0.0422234935003568	0	0	0	4.88747686210365e-05	0.00772461711926906	0.000758660598984326	0.00213516637752434	0.000432862192582212	0.00692659630703049	0.0406465811398277	0	0	0	0	0	0.020212921727659	0.00221128282045874	0	0.0119103204081604	0	0	0.000145322314076074	0	0	0.000471120720478188	0	2.0030642877474e-06	0	0.0302686049117941	0.031501090368045	0	0.000268110154914989	7.6116442934401e-05	0	0	0.000239866948457751	0	1.68257400170781e-05	0	0	0	0	0	6.39979039935293e-05	0	8.24260954408053e-05	0	0	0	0	2.70413678845898e-06	0.0891703127444364	0	0	0.00223261545512325	0.000165953876239872	7.41133786466536e-06	0	0	0	3.845883432475e-05	0.000261399889551035	0	0	0	0	0	0	0	0	0.000916201605215659	0	0	0	0	0	0	0
SRR8506094	0.346862508691816	0.154690937333534	0.00265745910271998	0.0515032266459554	0.0986815888029082	0.00596817677221547	0	0	0.0493422684520639	0	0.000133681141504792	0.0133031542649875	0.000627437266439222	0.00931193350710187	0.00466084636936252	0.00304315206916042	0	0	0	0	0.00170176601428914	0	0	0.0201450872434644	0	0.0749898341337259	0	0	0	0	0	0	0	4.20866863748927e-05	0.000173429678636635	0.0405880343687607	0.0523814558333774	0.000348587554539873	0.000241236006685074	0.000743328141964289	0	0	0.00116541490966611	0.015800094339239	0	0	0	0	0	0.000374612172201642	0.000876196014167151	0	3.99518544573257e-05	0	0.000269497114927151	0	0.000955998064419061	0.000145575205045523	0	0	4.48314702689075e-05	0	6.80096453739209e-05	6.82129626994035e-05	0	0	9.83039268708244e-05	1.62653860386059e-05	0	6.16051496212198e-05	1.88068526071381e-05	9.05778685024866e-05	0.00280923548619272	4.37132249787533e-06	0	0.0446232733276133	0	0.000134494410806722	0	0	9.01712338515214e-05	0	0	4.31032730023056e-05	0
SRR8506095	0.473144121695313	0.261567678362625	0.0321810366185097	0.0272313120252078	0.0588739075520929	0.000450841562554844	0	0.000281061031986672	0.00556864085367096	0	0.000337453855969717	0.00457895682707883	0	0.00395953885119389	0.00958146189264954	0.000960383840465705	0	0.00341608060441066	0	0	0.0154328696110611	0	0	0.00169389192465798	0	0.00354321531613044	0	0.00092837439055362	0.000117802803124724	0	0	0	0	7.57590428953722e-05	0.00013375735652918	0.000386923005833848	0.0822380967241288	0	0.000308755728462331	0	0	0	0.000231391195916196	0.00238666070896215	0	0.000535129769219894	0.000453450483237333	5.81989998401534e-05	0	0.0010999610969789	6.75309084352125e-05	0.000504926495164917	0.0003360490525253	0	0	0	0.000778160765104121	7.97727670222793e-05	0.000229585020059088	0	0	0	8.28834032206323e-05	0	0	0	0	0	0.000273535299248721	1.54528378885925e-05	0.000219048994225957	0	0	0	1.50514654759018e-06	0	0	0.000261795156177518	0	0.000393545650643244	0	0	0.000168074697814236	0	0
SRR8506096	0.2655141	0.4861094	0.0002509	0.0006755	0.0103951	0.0001915	0	0	0	0	0	0.0004004	0	0.003383	0.0002444	0.0043611	0	0	0.0001419	0	0.0133269	0	0	0.0003542	0	0.0035873	0	5.65e-05	0	0	0	0	0	0	0	0.0017741	0.0029156	0	0	0	0	0	0	0.0001836	0	0	0	0	0	0	0	0	0	0	0	0	0	3.6e-05	2.63e-05	0	0	0	2.68e-05	0	0	0	0	0	5.56e-05	0	4.14e-05	0	0	0	0	0	0	0	0	0	0	0	0	0	0
SRR8506097	0.179509822600162	0.634791260403571	0.00609659257190286	0.00559736363781382	0.0701105637584876	0	8.71844742209355e-05	0	0	0	0.000237474856709959	0.0028363547418873	0.00152688206348494	0.00281588796082738	0.000449165582378744	0.000151895620219213	0	0.00196661687419882	0	0.000232057179370568	0.00491232843645531	0	0.000717842247469268	0.00168620190820629	0.000563438443296633	0.000283725768811054	1.17383009020132e-05	0.000842749808349664	0	0.000281719221648316	0	0	0	0	0	0	0	0	0	0	0	0	0	0.0229832921840674	0	0.000771015747281806	0	0	0	0.000853384508312172	0	0	1.50491037205297e-06	0	0	0.00118546806374519	0.000119489883541006	2.70883866969535e-06	0.0567572933725453	0.00057377216118473	0	0	2.75900234876378e-05	0	0	0	0	0	0.000101832268508918	0	7.02291506958053e-06	0	0.000331180609209791	0	0	0	0	0	0	0	4.41440375802205e-06	0	0	0	0
SRR8506098	0.25370915074183	0.536136107227221	0.0139744027948806	0.0168321033664207	0.00226450045290009	0.000212900042580009	0	0	0.00151770030354006	0	0	0.00204790040958008	0.000109600021920004	0.00332650066530013	0.000182900036580007	0.000372800074560015	0	0.00102310020462004	0	0	2.21000044200009e-05	0	0	9.09000181800036e-05	0	0.0049966009993202	0.000157400031480006	0	0	0	0	0	0	0	0	0.0130055026011005	0.00374430074886015	0	0	0	0	0	0	0.145339229067846	0	0.000359000071800014	0	0	0	0.000144800028960006	0	0.000102700020540004	0.000153500030700006	0	0	0.000155500031100006	0	0	1.88000037600008e-05	0	0	0	0	0	0	0	0	0	0	0	0	0	0	0	0	0	0	0	0	0	0	0	0	0	0
SRR8506099	0.329469331967336	0.540482975577179	0.00386912084407545	0.000195242840435003	0.000147159899268748	0.00420349302993098	0.000385165438945556	0.0126102783259467	0	0	0	0.000878944118688374	0.000501909615514147	0.00499982282590572	0.0300538458673716	0.00164857232311777	0	0	0	0	0.0534257690234033	0	0	0.00075888733865739	1.84702738509206e-05	0.00291027271459723	0	1.96748569281545e-05	0.00145714399576067	0	0	0	0	0	0	0.00127625577032937	0	0	0.000377636794712844	0	0	0	0	0.00770079923083355	0	0	0.00118480783838269	0	0	2.04779123129772e-05	0	0	0.000192231382741918	0	0	0	0	5.01909615514147e-07	0.000815904270979797	0	4.37665184728336e-05	0	0	0	0	0	0	0	0	0	0	0	0	0	3.91489500101034e-05	0	0	0	0	0.000311886635080491	0	0	0	0	0
SRR8506100	0.346453542911442	0.418364220980908	0.0185175955247861	0	0.0318772882083949	0.0202577989030782	0	0.0113089919625256	0	0.00795622848552262	0.0102355727637607	0.00496218314581928	0.00374258200067671	0.0109279869033943	0.0145367460688909	0.00337981169577136	0.0247331141110659	0.000793515721397268	0	0	0.0236784361874776	0.000427604986597456	0.00497727747015072	0.0068532284632357	0	0.00122618591750192	0	0	0.000965834148832064	0	0	0	0	0	9.55298513057097e-05	0.000451715383851707	0.00382646187011587	0.00012764327958133	0.000240090930641073	0.000205951418562575	0	0	1.08395483453987e-05	0.00889157007312136	0	0.000349803368566931	0	1.96530128879191e-05	0.00025579308011338	0.00151287677560919	5.67303464805911e-05	0	1.47904117610113e-05	0	0	0	0.000640850306850392	3.46460330292181e-05	0.000168570172399471	0	0	0.000937671583972056	0	0	0	0	0	4.05216760575651e-07	3.03912570431738e-06	0	0	5.92629512341889e-05	2.81625648600077e-05	6.07825140863476e-07	0	0	0	5.9161647044045e-05	0.000344029029728728	7.37494504247685e-05	0	0	0	0	0
SRR8506101	0.496683042209606	0.39813477270581	0.000498789140842207	0	0.000263699995038118	0.00354544443252881	0	0	0	1.54058418952467e-05	3.78143391974237e-05	0.00222364320550353	0.00572427064342799	0.00863687510303907	3.30125183469572e-05	0.00636951532020942	0.00285798374743703	0.00683899334627691	0	0	0.0233113396599991	0	0	2.54096353337185e-05	0	0.00102859004134368	0	0	0	0	0	0	0	0	0	5.00189671923593e-07	0	0	0.000768891563680948	0	0	0	0	2.75104319557976e-05	0	0	0	0	0	0	0.000205077765488673	0	0	0	0.000320421503834254	0	0.000204077386144826	0	8.40318648831637e-06	0	0.000154458570690006	0	0	0	0	0	0	3.89147564756556e-05	0	0	0	0	0.000266100905463352	0	0.00028110659562106	0	0	7.28276162320752e-05	0	0.000109541538151267	0.000100838237859796	0	0	0.000409555303371038	0.0408031725630359
SRR8506102	0.229931968843064	0.163809140715972	0.00144507326428439	0.0744815303354872	0.0146853607747569	0.00178391389127556	0	0	0	0	0	0.00191853003175081	0	0.00242989134397214	0	0.000978917372192926	0	0.000382845903223797	0	0	0	0	0	0.00200964095595062	0	0	0	0	0	0	0	0	0	0	0	0.00362323442580765	0	0	0	0	0	0	0	0.375680344073254	0	0	0	0	0	0	0	0	0.000256730782020764	0	5.00059957188867e-07	0	0	0.000174520925058915	0.119405916769421	0	0	0	0.000228527400435312	0	0	0	0	0	0	1.55018586728549e-05	0	0	0	0	0	0	0	9.26111040713781e-05	0	0	0	0	0	0	0
SRR8506103	0.331206296480233	0.362508205007204	0.0110801258182859	0.067226050363553	0.00285785018350085	0.00245582109785774	0	0	0	0	0	0.00215129607830437	0	0.00727076008223577	0.0128737401428545	0.00268836929655021	0	0.0260865421664543	0	0	9.30993649522135e-05	0	0	0.00879318496631455	0	0.0422677123293691	0	0	0.00109376737792246	0	0	0	0	0	0	0.0165536677295678	0.0104741790913442	0	0.000729979106700581	0	0	0	0.00116214035239811	0	0	0	7.50801330259786e-06	0	0	0	4.05432718340285e-05	0	0	0	2.94314121461836e-05	0	0.00215329821518507	5.45582299988778e-05	0.0763146506266138	0	0	0	3.69394254487815e-05	0	0	0	0	0	0	3.61385706965044e-05	0	0	0	8.56914584936503e-05	0	0	0	0	0	0.000799152935928516	0	0	0	0	0
SRR8506104	0.48115046076896	0.3213988800364	0.0588678191242979	0.00663996713781011	0.00998421118238856	0.00535891397905616	0	0	0	0	2.46106268686819e-05	0.00289555029861894	0	0.00262283253909038	0.000849967015757404	0.00207289507609386	0	0.0205613784031945	0	0	0.0114361381244421	0	0	5.82251416161498e-05	0	0.00618637127511659	0	4.19181002356818e-05	0	0	0	0	0	0	0	0.00294407124996573	0.0577621416927829	0	0	0	0	0	0.000771933320807925	0.000418680786363552	0	0	0	0	0	0	0.000182278707946091	0	6.88297206733868e-05	0	0	0	0.00127715147400648	2.68115772390518e-05	1.47063502020172e-05	0	0	0	0	0	0	0	0	0	0	0	2.33100652861906e-05	0	0	0	7.86339541413983e-05	0	0	0	0	0	0	0	0	0	0.00626810656841624
SRR8506105	0.464127241687879	0.110594587186296	0.00249787542035165	0.0338698261671183	0.30236497352216	0.00148678058781954	0	0	0	0	0.000171366918781784	0.0316694669268349	0	0.00687698546282323	0	0.000410960480067466	0	0.00564800554616578	0	0	3.41133212519489e-05	0	0	0.00110303073350143	0.00446904516213581	6.23243376538538e-05	0.000916257798670381	0.00275727671655782	0.00208171290889092	0	0	0	0	0	0	0.0104731897806093	0	0	1.85072270721717e-05	0	0	0	0	0.0122042657657815	0	0	0	0	0	0.00267804577687587	0	0	0	0	0	0	0.000557917866927035	2.19085552908411e-05	3.21125399468492e-05	0	0	0	8.00312522039857e-05	0	0	0	4.24165636681124e-05	0	0.00246986448208025	6.31246501758937e-05	0	0	0	0	0.000216784654407546	0	0	0	0	0	0	0	0	0	0
SRR8506106	0.326435683780289	0.122216850352581	0.0721732917516132	0.0436813949395158	0.00257518913491911	0.137526714023821	0.0126354257545732	0.00183842530615874	0.00881476999253206	0	1.8371583004343e-05	0.00156696932969801	0	0.0124154946775729	6.22944481181745e-06	0.0116657440401371	0.00392645074003165	0.00215190363914663	0	0	0.00797020509338413	5.97604366692996e-05	0	0.010934787320947	0.00182089839363735	0.000198814314926309	0	0	0.00194559287368407	0	0	0.000176852882369394	0	0	0	0.141748588265267	0.0166439151152622	0.00865438818458035	0.00107991121246218	0	0.00125623617577973	0	0.000402802236560738	0.0155887105144265	4.75127146664043e-05	0	0	0	0.000541856114817748	0	9.00629902454285e-05	0	0	0	0.000721454176256756	0	7.60203434662468e-05	0.000194063043459669	0.0082194884696672	0	0.00703599953923225	8.2355372088434e-05	8.44670482958298e-07	0.000120471127631927	0	0	0.000132296514393343	0	0.000597182031451517	1.05583810369787e-05	0	0	4.24446917686545e-05	0	0	0	0	0.00278836284805571	0	0	0	0	0	0.000376195116347552	0
SRR8506107	0.161863390206487	0.494532381569942	0.00510999200529153	0.00108973287591558	0.00258905328068608	0.0018087865376831	0	0	0	0	3.56076093461173e-05	0.00142190386085506	0	0.000691347741012254	5.00106872838726e-06	0.000398185092154193	0	0.0130263837382049	0	0	0.00299744055304619	0	0	0.00924197501005965	0.000413588383837626	0	0	3.87082719577174e-05	8.80188096196157e-05	0	0	0	0	0	0	0.0610522468651551	0	0	0	0	0	0	0	0.22052812686071	0	0	0	0	0	0	0	0	0	0	7.20153896887765e-06	0	0.000232149610371736	8.53182325062866e-05	9.20196646023255e-06	0	0	0	0.000250753586041337	0	0	3.1006626116001e-05	0	0	0.000158633900064444	4.30091910641304e-06	0.0114601490338485	0	0.00770294611958576	0	0.000508008561429578	0	0	0	0	0	0.00261605905181937	0	0	0	0
SRR8506108	0.452457928657286	0.0691032872323737	0.00382164151290754	0.00902067570626288	0.0140145876085914	0.00855396993722097	0.00178663617762569	0.00140972772193226	0	0	0	0.00777152199838965	0.000230950280819324	0.0193897126315788	0.000804972348534106	0.00805002381080377	0	0.000247167855805336	0	0	0.0628027593503079	0	0	0.00280714209989365	0	0.0202339275072396	0	0	0.0019247858904695	0	0	0	0	0	0	0.00220639106599822	0.00637841228539368	0	8.80954690598201e-06	0	0	0	0.000624376636961475	0	0	4.12446968780067e-05	0.00105664508628	0	0	0.00030342882581854	0	0	0	0	0	0	0.000782447938831311	5.43589087494117e-05	0.298327597617538	0	0	0.00016678074028825	4.17452393158466e-05	0	0	0	5.49595596748196e-05	5.01543522715567e-05	0.000103712393120425	0	0	5.05547862218286e-05	0.000244765252103705	0	0	0	0	0	0	0.000276299425687618	0.00479169275744124	0	0	0	0
SRR8506109	0.370303006342179	0.493049525850399	0.010346064901119	0.00424199870984467	0.000226302654026681	2.35210631120168e-05	0.00136181950937064	0.00210428438666826	0.0054277605595811	0	0.000249323268987378	0.000957157134213688	0	0.00312800112500744	0.00120738120987344	0.000803619641388864	2.08186430948915e-05	0.0198922134771688	0	0	0.00917741837815764	0	0	0.00195785325759217	0	0.00452715406646652	0	0.00019447415160276	0.000811626811809976	0	0	0	0	0	0	0.000262635189812477	0.0119924392293299	3.20286816844484e-06	0.000151035252068227	0	0	0	0.000168450847734146	0.0500801467714338	0	0	0	1.67149682540715e-05	0	0.000129916340082544	0	0	2.75246483225729e-05	0	0.000335800709535389	0	0.0010965819891713	0.000141927095714212	0.00105744694373812	0	0	0	7.28652508321202e-05	0	0	0	2.17194497672666e-05	0	0	6.60591559741749e-06	0.00436220635579161	0	0	0	0	0	0	0	0	0	0	0	0	0	0
SRR8506110	0.703496206652824	0.0276265600378033	0.00554645623884972	0.0192410502435791	0.151417624597789	0.000288330426668963	0.000150472441417865	0	0	0	6.94796236487014e-05	0.000149671523566007	0	0.00163557436822599	1.85212253242216e-05	0.000142263033436318	0	0.0227006149046808	0	0	0.000596583684902899	0	0.000214045295909112	0.00314440348639541	0	0.012352656143941	0	0.000857382560414235	3.80435979632659e-06	0	0	0	0	0	0	0.0412157332302819	0	0	3.25372877317406e-05	0	0	0	0	0.00463921654215731	0	0	0.00030625096360429	0	0	3.74429095743722e-05	0	0	0	0	2.73313216946621e-05	0	4.53519733614722e-05	0.0020896947902296	0	0	0	0	0.000256293712594633	0	0	0	1.72197338149519e-05	0	0	0.000410970972734754	0	0	1.43164066019659e-05	0	0	0	0	4.74543827226001e-05	0	0.000100915649334137	4.07466957132874e-05	0	0	0	0
SRR8506111	0.346088730076364	0.0708478550551604	0.017974993532465	0.00105732312605363	3.22250872304089e-05	2.43189322887868e-05	0	0	0	0	0.000936028698341659	0.00769088735580649	0	0	0	0.000433137197308104	0	0.00327054612015454	0	0	1.28099725636408e-05	0	0.00121684731563522	7.39575759728949e-05	0	0.000190548341884157	0	0.000226576389719397	0	0	0	0	0	0	0	0.00106122616456912	0	0	0	0	0	0	0	0.54207230328811	0	0	3.77293723163483e-05	0	0	0	0	0	0	0	0	0	0	0.00591210257185219	0	0	0	0	0.000142911256413118	0	0	0	0	0	0	0	0	0	0	0	0	0	0	0	0	0	0	0	0	0	0
SRR8506112	0.449336155821413	0.246013653729065	0.0256105648608113	0.0191904031811358	0.00309075507292608	0.00599220619243711	0.0131998557308973	0.00978336515872141	0	0.0145224952915048	4.50970535243969e-05	0.000656758239257597	0.00107994484267504	0.00458776990716124	0.000361502127907062	0.00546140868888559	0.000963832888773146	0.00816391441595221	0	0	0.0317171205935643	0	0.0287705724205289	0.00632105183330926	0.00409439777446559	0.0118562745500325	0	0	3.99134841537766e-05	0	0.000345536734245552	9.14381636977428e-05	0	0	0.00128324443339077	0.000647531485777893	0.047343405146849	0.000513691724628475	0.000674900732054768	0.000131662662013757	0.000283541244572932	0	0.000683816471372235	0.00613796816313895	3.32785153593826e-05	0.000453354977154455	0	0.000441329096214616	0	0.00026705749397436	0.000268508893398133	0.000246737902041528	0.000118807409974618	0	0	0	0.000539920585643814	0.000206306060950689	0.0379693346256317	0	0	0.000341908235686117	2.47774615915652e-05	8.25224243802758e-05	0	0	2.68508893398133e-05	8.29371099299254e-05	3.97061413789518e-05	0	0	0	0.000741146748611296	0.00046133767398521	0	0	0	0.000582218511708076	0	0.00160949828957761	0.000336724666315497	0	0	0.000262703295703039	0
SRR8506113	0.487500238775048	0.264304725565712	0.00196970662222467	0.037615745891744	0.00213742421580024	0.00123712977491339	0.000222523342698649	0	0	0	0.000377039551448947	0.00937168308955609	0	0.00210282058587946	0.00293840823902427	0.000971801942023718	0	0.00347736477556496	0	0	0.0183628262604747	0	0.000276128965928526	0.00994324304619555	0	0	0	0.000182619156749543	0	0	0	0	0	0	0	0.15286063508062	0	0	0	0	0	0	0	0	0	0	0.000531855791672546	0	0	0	0	0	0.000519854532740484	0	0	0	0	0.000236524811452721	8.76091902040524e-05	0	0	0	0.000538156452611879	0	0	0	0	0	0	0.000292230654995709	8.00083928804132e-06	0	0	0	0.000267828095167183	0	0	0	0	0.00136854356021947	0	0	0	0	0
SRR8506114	0.464868446384682	0.203247497818483	0.00868156349152771	0.00105452917982453	0.00674842668226858	0.0305878470112589	0.000496960877707519	0	0	0	0.000253731082057552	0.00401629199576948	0	0.000862105607936972	0	0.00360034104177762	0	0.000441154041370068	0	0	0.0112395768481639	0	0	0.00306117499393676	0	0.00729129318341497	0	2.13026095696723e-05	0	0	0	0	0	0	0	0.000319639155796585	0	0	0.000577570752417171	0	0	0	0	1.20014701800971e-05	0	0	0	0	0	0	0	0	0	0	3.4004165510275e-06	0	0.000807498918617531	0.00024112953836845	0.247467814807314	0	0.00187582978914917	0	0.000506462041600096	0	0	0	0	0	0	5.84071548764724e-05	0	0	0	8.71106710572045e-05	7.82095806736325e-05	0	0	0	0	0	0.000663781313210868	0	0	0	0
SRR8506115	0.499157585743647	0.13194779896828	0.0344475800414609	0.0318390215968784	0.000200766990436227	0.0129018517778674	0.00304732007343027	0.00912531371103355	0	0.00549344894283569	0.00461441236611667	0.00656326460443657	0.000532990960037482	0.00418331822032069	0.00413226892526504	0.00281083875404208	2.09846904576559e-05	0.00129146645455987	0	0.000667878128988857	0.00207496215693562	0.000216303732409684	0	0.00580610065306778	0.00297014080323745	0.0417007163446929	0	0.00150161602294111	0.000150625686794617	0	0	0	0	0	0.00544139076843112	0.00308303440238225	0.0109120390379811	0	8.27281066119128e-05	0	0.000231134258838893	0	9.4834658799022e-05	0.0060776909737986	1.61420695828122e-05	0.000178773420629646	0.00116212812202759	0	0	0.00308152108335886	1.07950090335057e-05	0.000185028472592985	0.000167675747791462	0	0	0	2.82486217699214e-05	0	0.155608138347222	0	8.87813827054674e-06	0.000713681251430086	7.97014685651355e-06	0	0	0	0	0	0.000594431712387061	6.75949163780263e-06	8.4342313570194e-05	0	8.02059082395984e-05	0	0	0	0	0.000229217388075934	0	0.000478612363130383	0	0	0	0.000202784749134079	0
SRR8506116	0.520094332230816	0.291789779660971	0.058634224043151	0.00686277286204176	0.0651125351251667	0.000111575972079389	0.000312112517413107	0	0	0	0	0.0114199758615641	0	0.00520644506844711	0.00486861503998072	0.00142046719611383	0	0.00424138796106269	0	0	0.00522185556145179	0	0	0.000715887447763182	0.00320528247683848	0.000246968160620567	0	0.000867290538127411	0	0	0.000156306429047538	0	0	0	0	0.0106963831672986	0	0	0.000266181242808228	0	0	0	0	5.50374750167389e-06	0	0.000486331142875184	0	0	0	0	0	0	0.000469319559688192	0	0.000822560081159261	0	0.000598607591909331	0.000169415354915162	0.00402424010508755	0	0	0	0	0	0	0	0	0	0	5.00340681970354e-07	0	0	0	0	1.4109607231564e-05	0	0	2.62178517352465e-05	0	0	0	0	0	0	0
SRR8506117	0.563525322441238	0.229798261511116	0.0208194096232181	3.54314344041658e-06	0.00522542794592637	0.000873435474397549	0.000701238703193304	0.00780564623190744	0	0.00208276094694659	2.79402168444279e-05	0.00612386788974628	0.00210989130243321	0.00446587922497078	0.00321383356579729	0.0064466988735031	0.016192064290034	0.00503774257625401	0	0	0.01528775285137	0.000142535598974473	0.0146833938131047	0.00700864142315317	0.000552122980686629	0.0209373456834491	0.000331435760683539	9.51587095426166e-06	0.000554957495438962	0.00267821151027603	0.00145633318668094	3.44191077069039e-06	4.44411420097965e-05	0.000213702165791983	0.000642017591403484	0.00115719064764005	0.000595956726678068	0.000450282914942084	0.000908968141471441	0	0.000441070741997001	0	0.000797409739433182	0.0103316038069153	0.000265938223370696	0	8.38206505332836e-05	0.000232126511682149	0.000128363025212806	0.00107944395729034	6.69147946890102e-05	0.000182016340167686	0.000112368263396069	0	0	0	0.000333257948738611	0.000110849773350176	0.0171356540045518	2.25748853489399e-05	2.83451475233326e-06	0	0	0	6.34728839183198e-05	0	0.00019942835936059	1.19454550276902e-05	0.000619746404063722	6.94456114321649e-05	0	0.00021562558651678	0.00166699837238114	6.55987699825697e-05	0	0	0	0	0	1.21479203671425e-05	0	0	0.000105788139863866	0	0
DRR127488	0.270997033949257	0.52668644033829	0.0397133151629324	0.0166033708765882	2.87586676820714e-05	0.0016844362499499	0	0.00350645316445549	0	0	7.01430919074913e-06	0.00974487955429075	5.22065012625757e-05	0.00165026654374925	0.000512645797426751	0.000464647881678624	0	8.23680307827969e-05	0	0	0.00356286825123251	0	0	0.000952843801354764	0	0.000753437011503467	0	0.00360034470319452	4.29876948975911e-05	0	0	0	0	2.56523307547397e-05	0	0.00226241532726763	0.000617259208785923	0	1.17239167902521e-05	0	0	0	6.59345063930418e-05	0.00127560222854623	0	0	0	5.95214237043569e-05	0	0.000230369954707604	0	0	0	0	0	0.000120445709246864	1.58322978876909e-05	5.37095675177362e-05	0.0304633452242575	0	2.10429275722474e-06	0	0	0	0	0	0	0	0	0	0	0	0	0	0	0	7.36502465028659e-05	0	0	0	0	0.000439596777425949	0.00135336085614654	0.000192893502745601	0
DRR127524	0.204610937167456	0.648439855324862	0.0352886543565189	0.00191285211082635	0.00460127134573153	0.00523505307246555	0	0.000283270613890746	0.0023885386168089	5.723447232268e-05	0.00398640100932792	0.00396418763020968	0.000594157861279849	0.00295127755447106	0.000841506839569473	0.000612068648947261	0.00075705597481363	0.00859867898435228	0.000421253721116228	3.80229011933888e-06	0.0154704178326606	0	0.00126075935535973	0.00160066407997537	0.0012319419986658	0.00121813368191662	0	0.00368071689578633	0.000219031922927179	0.000617872144392568	0.000884132513012587	7.00421864088741e-07	0	5.75346531215751e-05	1.08065087602263e-05	9.41567105867864e-05	0.000163698595664169	8.80530343425845e-06	4.72284456928408e-05	7.40445970608097e-06	0	0.000369622623706258	0.000303983089014513	0.00236152234490834	0	7.60458023867776e-06	0	5.80349544530671e-05	1.44086783469684e-05	0.000873726245317555	0	9.80590609724237e-06	1.52091604773555e-05	0	2.8116934829848e-05	0.000131779370714982	0.000131679310448683	3.33200686773644e-05	0.00294407321529757	0	0	0	0.000100060266298392	0	0	0	7.0542487740366e-05	0	5.22314590077604e-05	0	0	2.95177785580255e-05	0.000102561772955851	0	0	0.00588284323648133	0.000120172379824368	3.47209124055419e-05	0	0	0	7.18432712022451e-05	0	0	0
DRR127532	0.373207065448	0.369147411694404	0.0743406276063657	0.000381108310981981	0.0375958847504461	0.00122854915366947	0	0	0	0.000760716195542773	8.07229414599629e-05	0.0445778690303784	0	0.000372505866167165	0.00232085958829499	0.000139439628742489	0	0.037393827325726	0	0	0.0114948668411563	0	0	0.0171426719473674	0	0.000392311494926858	0.00137299020381592	0	7.39210083505732e-05	0	0	0	0	0.00975757310227567	0	0.000837237943023407	0	6.87195300904517e-05	0	0	0	0	0	0.0018443241569254	0	0	0	0	0	0	0	0	0	0	0.000534651948083645	0	0.00012173459697246	0.001362987361008	0	0	0	0	0.00153933747971173	0	0	0	0	0	0.000965474387821019	0	0	0	0.000164046622049987	0	0	0.000423920478199904	0	0.00120994386604673	0	0	0.00164476744290727	0	0	0	0.000200957112011234
DRR127535	0.267543668005764	0.56134270748784	0.00499347700763489	0.000480943579690146	0.0044046055406875	0.000612833068782483	0	0	0	0	0	0.00125244675138066	6.76562875343894e-05	0	0.000109438072246847	1.56052448926047e-05	0	0.0072947975737972	0	0	0	0	0	0.0128883214173026	0.00090168111779463	0.00035922266952783	0	4.10770317173079e-05	0.000154441584937133	0	0	0	0	0	0.000155750411928126	0.0712953299643455	0.000253610399254653	0	0	0	0	0	0.00052181925340884	0.000492118948613237	0	0	0	0	0	0.000211526577544274	0	0	0	0	0	0	1.62093188884475e-05	0	0.0396655121470219	0.000267806138156958	0	0	0	0	0	0	0	9.94708513154416e-05	0	0	0	0	0.0242191387153239	0	0	0	0	0	0	0	0	0	0	0	0
DRR127537	0.109515222565462	0.13821908372376	0.177622034598661	0.0974536220554294	0.00770386937041686	0.00297428945637972	8.43244460174325e-05	0	0	0	0	0.00154868555013489	0	0.00245121750679653	0	0	0	0.0693396314280615	0	0	0.0592471369246734	0	0	0.0224422202286134	0	0	0	0.0182845843896422	0	0	0	0	0	0.000208207272292449	0	0.292733516123094	0	0	0	0	0	0	0	0	0	3.42505469571994e-05	0	0	0	0	0	0	0	0	0	0	0	5.7785279515509e-05	0	0	0	0	8.03185340926139e-05	0	0	0	0	0	0	0	0	0	0	0	0	0	0	0	0	0	0	0	0	0	0
DRR127546	0.325280056191761	0.528025706417742	0.00249304988003453	0.00164781026090439	0.00950481010663962	0.000183673536372021	0	0	0	0	0	0.00155695816142659	0.000448877641784088	0.00830732166829137	0.00232355557306078	0.00394957183322338	0.011575108887948	0.00140518789120067	0	0	0.0330177798346413	0	0	0.00205743244352104	0.00123595616254911	0.00419967768510951	0	0.000201791440603142	0.000410278628422134	0	0	0	0.000600910490332194	0	0	0	0.011819569305907	0	0.000313649805856153	0	0.000106344220487017	0	0	0.000586993839256116	0	0	0	0	0	0.00223821761834897	0	0	0	0	0.000294612877497366	0.000146256125459922	0.000724059723439382	0	0	0	0	0	5.89488333316922e-05	0	0	0	0.000199428235703431	0	0	0	0	0	0.000493909824039702	0	0	0	0	0	0	0	0	0	0	0	0
DRR127552	0.198154919815492	0.465453346545335	0.000935200093520009	0.107338010733801	0.000672700067270007	0.00395400039540004	0	0	0	0	0	0.0128529012852901	0	0.098947009894701	0	1.88000018800002e-05	0	0.0185279018527902	0	0	0	0	0	0	0	0	0	0.00215880021588002	0	0	0	0	0	0	0	0.0450839045083905	0	0	0	0	0	0	0	0	0.000268200026820003	0	0.00185100018510002	0	0	0	0	0	0	0	0	0	0	0	0	0	0	0	0	0	0	0	0	0	0	2.00000020000002e-06	0.0433792043379204	0	0	0	0.000402100040210004	0	0	0	0	0	0	0	0	0	0
DRR127583	0.489561017664508	0.3816851992983	0.000187526628781287	2.83040191707222e-05	0.00132968881581185	0.000859322023727369	0.000121417241248257	1.47020876964529e-05	0	0	3.00042606050059e-05	0.000197728077386989	0	0	0.000274138927727737	0.00873444029052125	0	0	0.000126918022359175	0	0.0156473219197126	0	0	0.000382754351117859	0	0.00598054923799179	0.000309843997847694	0	0.000265337677950269	0	0	5.12072714325434e-05	0	0	0	0.000250135519243733	0	4.37062062812919e-05	8.32118160778831e-05	0	0	0	0	0.000511472629113334	0	0	0	0	0	0	6.4409146098746e-05	0	8.74124125625839e-05	0	0	0	0	1.38019598783027e-05	0.0881295143910435	0	0.000887626042898092	0	6.4409146098746e-05	3.40048286856734e-06	0	0	0.000141920152661678	0	0	0	0	0	0	0	0	0	0	0	0.0021296024035413	0	0	0	0	0	0
DRR127588	0.507739879327763	0.410987455303525	0.00610678036709081	0.023814474681004	0	0.000435662192833037	0	0	0	0	0	0.00266501859911213	0	0.00100467172351434	0.000907756420892504	5.22632260212006e-05	0	0	0	0	0	0	0	0.00739154238928188	0	0	0	0	0.00119860381075029	0	0	0	0	0	0	0.0233845969617306	0	0	2.45586421303506e-05	0	0	0	0	0	0	0	0	0	0	0	0	0	0	0	0	0	0.000504974393556299	0	0	0	0.00313914246701708	0	0	0	0	0	0	0	0	0	5.68299156735385e-06	0	0	0	0	0	0	0	0	0	0	0	0	0	0.0105191159091797
DRR127596	0.247723040377136	0.0303340116753044	0.258695925819252	0.289711360250621	0.0145362151129983	6.42946430607545e-06	0	0	0	0	0.000669568431249889	0.00560629195413823	0	2.43114119073478e-05	0.000474273452952847	0	0	0.00184575855774257	0.00010297188927699	0	6.22854354651059e-06	0	0	0.00762835847839896	0	0.00556078340209679	0	0.0575322530560801	0	0	0	0	0	0.000974967985788473	0	0.069681027243549	0	0	0	0	0	0	0	0.000275160980224073	0	1.21557059536739e-05	0	0	0	0	0	0	0	0	0	0	0	0.00175835802733185	0.00499448824126324	0	0	0	0	0	0	0	0	0	0	0.000154608524485158	0.00151865956117098	0	0	0	0	0	0	6.02762278694574e-06	0	0	0	0	0	0	0
DRR127597	0.306378109096092	0.478308481681241	0.0234874056575661	0	0.00102724839134923	0.00345976091233911	0.00232936048656085	0.00571712336274799	0	0.00912958021081359	0	0.00796781739880994	0.00010690301749917	0.000577130422931677	0.00125668352247318	0.00383694309883715	0.00447190117743359	0.00577130422931677	0	0	0.00105558915232367	0.000185673661972242	0.00126241419105257	0.0172270149134919	0.000801772631243772	0.00422673275620986	0	0	9.90884694363648e-05	0.000616411551194042	0	0	0.000195988865415144	0.00437312528991973	0	0.00353696864719962	0.0049595289765526	0.000152956754082632	0.000174524906735974	0	0.000118885324528804	0.00052201181059536	0.000154623857669364	0.0267701410077891	5.68899098972189e-05	5.69941038713896e-05	0	0.000384267376741654	0.000360511150630728	0.0011401946593503	0	0	5.30347328529019e-05	0	0	0	0	0.00100557604472172	0	0	0.000138682179621242	0.000285491489227802	4.53243787642678e-05	1.68794238156584e-05	0	0.000894713656204064	0.00011263368607856	5.33473147754141e-05	3.46965933988533e-05	0	0	0.000475332910166873	0.0183869022339605	0	0	0	0	0.000339047191951557	0	0	0	0	0	0.000332378777604631	0
DRR127613	0.36112825731033	0.479832588656552	0.00812692666613403	0.000638757881562528	0.00760851888066908	0.000665119317944473	0	0.000609963081822248	0	0	0.000108284669445838	0.0198756105207276	0	0.00283284050965984	0.00836995883154758	0.00137941285375527	0.00869308920750628	0.0251642216096455	0	0	0.0195431522518953	0	0	0.00261576422006852	1.08487449725699e-05	0.00239128645026226	0	8.34440851628508e-05	0.000731935420158712	0	0.000813554482802813	0	0.00019020790250973	0	0	0.00205507674625252	0.00479859254263354	0	0.000356893292555571	2.45364138631955e-05	7.90843091458367e-06	0	0.000706080934476419	0.0118880952969981	0	0	0	2.24072209246537e-05	0	0.00101359722888581	0	0	0	0	0	0	0.000260572659621539	0	0	0	0.00200296221432821	0.002239809581206	0	0	0	7.46231429888921e-05	0	4.88700474465299e-05	0	0	0.00366687580072863	0	5.069506996528e-05	0	0	0	0	0.000201158037622231	0	0	0	0	0	0.000183009202574661	0
DRR127616	0.43307414404386	0.333251365294922	0.00132398992299937	0.000974696608449087	0	0.000404941030652465	0.000408083251415976	0.00313401044474182	0.00900307065921967	0	6.38580348713524e-06	0.000706999671789973	0	0.00384293599377394	0.00346059868022673	0.000856407200996915	0	0.00997188827398219	0	0	0.00931931997477303	0	0	0.0117651840723059	0	0.00486983401168136	0	0.000249046335998274	0.000625099208018461	0	0	0	0	0	0	0.0627292680835312	0	0	0.000257662102607901	0	0	0	0.0011483296461231	0.104491409269795	3.45644283986209e-05	0	0.000643648446719187	0	0	0.00130979924858352	0	0	0	0	0	0	0.000161570964420533	0	0	0	0.000497484500235869	0	0	0	0	0	8.02786724097002e-05	5.21000474982145e-05	0	0	0	0	0	0	0	0	0	0	0	0.000773087669783817	0	0	0	0.000460892832634983	0
DRR127619	0.290581641883672	0.551689589662082	0.00687409862518027	0.0623452875309425	0.0396961920607616	0.000119699976060005	0	0	0	0	0.000181699963660007	0.0157210968557806	0	0	0	0	0	0	0	0	0	0	0	0.00139559972088006	0	0	0	0	0	0	0	0	0	0	0	0.0160843967831206	0	0	0	0	0	0	0	0	0	0	0	0	0	0	0	0	0	0	0	0	0	0	0	0	0	0	0	0	0	0	0	0	0	0	0.0152602969479406	0	0	0	5.0399989920002e-05	0	0	0	0	0	0	0	0	0	0
DRR127628	0.429730633728767	0.351867978681429	0.0303421105865812	0.0316151361051748	0.00476683564231107	0.000666856271893896	1.48212536777739e-05	0	0	0	6.60947799143972e-05	0.00256978507179295	0	0.0130215729355896	0	0.00103518445450776	0	0.00281022986963305	0	0	0.0122744014917392	0	0	0.00354488336274217	0	0.000619488346288578	0	0.00720062569724986	0.00025456504627636	0	0	0	0	6.03865943763357e-05	0	0.0233678094387351	0	0	0	0	0	0	0.00201839437753739	0	0	0	1.59228333430139e-05	0	0	0	0	0	0	0	0	0	0	0.000113462705519715	0.0765861245025366	0	0.000480589164862413	0	0.000232733740183423	0	0	0	0.000237240202450314	4.95710849357979e-05	0	0	0	0	0.000394966381791489	6.40919077957792e-06	0	0	0	0	0.00304947294420199	0.000960978042512964	0	0	0	0	0
DRR127634	0.175544602289745	0.65441559653313	0.00493867014525695	0.00298446325013978	0.000597132663156675	0.00133257289173718	0	0	0	0	3.8602111535501e-05	0.0100043472377939	0	0.00240033129812201	0	5.58030524269678e-05	0	0.0225758348981689	8.7404781041523e-05	0	0.0410426450326833	0	0	0.0148348114641871	0	0.000397321733498822	0	0	0	0	0	0	0	0	0	0.0425901296800935	0	0	0	0	0	0	0	0	0	0	0	0	0	0	0	0	0.000239013074015149	0	0	0	0	1.6400897129073e-05	0	0	0	0	9.40051420812719e-05	0	0	0	5.0602767971408e-05	6.54035775756934e-05	0	0	0.0247759552447519	0	0	0	0	0	0	0	0	0.000544629791249581	0	0.000322617647185301	0	0	0
DRR127649	0.323202024091532	0.535952091617203	0.00456621051019905	0.0121899223721832	0.00608956930575471	0.000292484074877958	0.0120561426996738	7.66053942202095e-05	0.0063408512761716	0	0	0.000559229551166655	0.000516399709245396	0.00909701773063895	0.00220477038982786	0.00351509904528111	0.000267559345018793	0.0093740382996451	0	0	0	0	0	0.00446946186490898	0.00078294171835157	0.0088870395982744	7.15187146571146e-05	0.00320491332552358	0.000501953539286207	0.00283968973289337	0	0	0	0	0	0.0185054419841306	0.00739959276043418	0.00145957183383446	0.00125152663970387	0.000145885969869562	7.79279309066142e-05	0.000558619149619084	0.000151176116615181	0.000281802047795459	0.000635529744613079	0	2.4009127537808e-05	0	0	0	0.000246297024445056	0	1.34288340465706e-05	0	0.000199194371690797	0	0	0	0	0.000168979495086013	0.000848661618306756	0	3.64206256717596e-05	0.000112924286300707	0	0	0.000564621431503536	2.13640541649987e-05	0.000136831680247253	0	0	0	0.00510936615394632	7.73175293590428e-06	0	0	0	0	0	0	0	0.00894980922408299	0	0.000387198048342785	0
DRR127672	0.205455679454432	0.657611134238887	0.000100699989930001	0.00116369988363001	0	0.00146409985359001	0	0	0	0	0	0.0430112956988704	0	0.00308819969118003	0	0.000339299966070003	0	0.0161476983852302	0	0	0.0676280932371907	0	0	0.000767299923270008	0	0.00222599977740002	0	0	0.000498999950100005	0	0	0	0	0	0	0.000465699953430005	0	0	0	0	0	0	0	0	0	0	0	0	0	0	0	0	0	0	0	0	0	0	0	0	0	0	0	0	0	0	0	3.20999967900003e-05	0	0	0	0	0	0	0	0	0	0	0	0	0	0	0	0	0
DRR127683	0.10476813497166	0.831628862337743	0.000490554009996501	0.0362052862020108	0	0.00148596360459287	0	0	0	0	0	0.000589764933119136	0	0.00113442490018151	0	0.00179789794856414	0	0.00611237297226425	0	0	0.00482513124695029	0	0	0.00218694078218012	0	0.00224124676126842	0	0	0	0	0	0	0	0	0	0.000206422727142258	0	0	0	0	0	0	0	0	0	0	0	0	0	0	0	0	0	0	0	0	0.000137815173450597	0	0	0	0	0	0	0	0	0	0	0	0	0	0	0	0.00248637374974985	0	0	0	0	0	0	0	0.000115012662894185	0.00358779501623129	0	0	0
DRR127692	0.350607548614439	0.492242086997063	0.00628347847580808	0.00707334693824235	0.0119733247322978	0.00918773468216863	0	0	0	0	9.44506239267545e-06	0.000391065774811626	0.000933855424228997	0.00413321959066707	0.00113792905954308	0.000710992143516718	0	0.000531636437443041	0	0	0.0156054536192173	0	0	0.00617234827361341	0	0.000724858298944263	0	0.000291892619688534	0.000442511221035561	0	0	0	0	0	0	0.0180237915092908	0	2.97418985982121e-05	0	0.000186690701336074	0	0	0	0	0	0	0.000139967786308478	0	0	0.00123047057511387	0	0	0	0	0	0	0	0	0.0648050850608252	0	0.000151020518895651	0	0	0	0.000194025696598471	0.00332908305525663	0.000192217067629661	0	0	0	0	0	0.00229093002715958	5.8579482712019e-05	0	0	0	0	0	8.42017264368301e-05	0	0	0	0	0
DRR127704	0.332056239218511	0.593677180216662	0.00878503835177363	0.00235147862509673	0	0.00209288982994347	0.00222066668764244	0	0.0040801588844018	0	0.000102484526404637	0.00287523222153978	0	0.00267916606934611	0	0.0054150881301167	0	0.0124497959869973	0	0	0	0	0	0.00562764488231428	0	0.00896451273463822	0	0.00170723236236748	0.0014272968396018	0	0	0	0	0	0	0.00322912252101009	0	0	0.000355205500697613	0	0	0	0	0	0	0	0	0	0	0	0	0	0	0	0	0	0	3.56116024624209e-05	0	3.45999092106476e-05	0	0	0	1.83116478570971e-05	0	0	0	0	0	0	0	0	0.00949747273967241	0	0.000148314230709969	0	0	3.95572061443369e-05	0	0	0	0	0	0.00012969907487734	0
DRR127707	0.435388956461104	0.483455851654415	0.00227259977274002	0.0165401983459802	0.000673499932650007	0.00257709974229003	0	0	0	0	0.000703699929630007	0.00837959916204008	0	0.00615959938404006	0.000394599960540004	0.000250099974990003	0	0	0	0	0	0	9.29999907000009e-06	0.0150819984918002	0	0.00821779917822008	0	0.000191699980830002	0.00139179986082001	0	0	0	0	0	0	0.0143261985673801	0	0	0	0	0	0	0	0	0	0.000743799925620007	1.11999988800001e-05	0	0	0.000505799949420005	0	0	0	0	0	0	0.000687199931280007	0.00178939982106002	0	0	0	0	0.000102499989750001	0	0	0	0	0	0	0	3.75999962400004e-05	0	0	0	0.000107899989210001	0	0	0	0	0	0	0	0	0	0
DRR127713	0.216373643015998	0.740193647885109	0.000836208143362339	0.0177463954998912	0.00253177726253538	6.95587260569894e-05	0	0	0	0	0	0.00103556305132682	0	0	4.58045213372394e-05	3.09706719763829e-05	0	0	0	0	0.0192812979938923	0	0	0.00101150816047138	0	0.00029196623775794	0	0	0.00020516817325455	0	0	0	0	0	0	0	0	0	0	0	0	0	0	0	0	0	0	0	0	0	0	0	0	0	0	0	0	0	0	0	0.00011746805034408	0	0.000220002022615406	0	0	0	0	0	0	0	0	0	0	0	0	0	0	0	0	0	0	0	0	0	9.02058407079114e-06
DRR127721	0.228487377151262	0.475728052427195	0.000209899979010002	0.00398869960113004	0.0160494983950502	0	0	0	0	0	0	0.0101541989845801	0	0.000307899969210003	0	0	0	0.00935799906420009	0	0	0.00295759970424003	0	0	0.00211929978807002	0	0	0	3.00999969900003e-05	6.62999933700007e-05	0	0	0	0	0	0	0.000104999989500001	0	0	0	0	0	0	0	0.230685876931412	0	0	0	0	0	0	0	0	0	0	0	0	0	1.34999986500001e-05	0	0	0	0	0	0	0	0	0	0	0	0	0.0197168980283102	0	0	0	0	0	0	0	0	0	0	0	0	0	0
DRR127724	0.360074063992594	0.527298647270135	0.00242249975775002	0.0215840978415902	0.00173929982607002	0.00505639949436005	0	0	0	0	0	0.0117373988262601	0	0.00512889948711005	0	0.0107834989216501	0	0.0176597982340202	0	0	0.0278576972142303	0	0	0	0	0	0	0.000276299972370003	0	0	0	0	0	0	0	3.39999966000003e-06	0	0	0	0	0	0	0	0	0	0	0.000645699935430006	0	0	0	0	0	0	0	0	0	0	3.58999964100004e-05	0	0	0	0	0	0	0	0	0.000118199988180001	0	0	4.75999952400005e-05	0.00280159971984003	0	0.00438029956197004	0	0.000148299985170001	0	0	0	0	0	0	0	0	0	0.000200399979960002
DRR127728	0.266025846794831	0.665045566990887	0.000987899802420039	0.000701699859660028	0.00375739924852015	0.000195599960880008	0.000123099975380005	3.54999929000014e-05	0	0	5.29999894000021e-06	0.00659229868154026	0	0.000388899922220016	0.00974539805092039	0	0	0.0179995964000807	0	0	0.0075349984930003	0	0.000189999962000008	0.00074289985142003	0	0.00125629974874005	0	0.00221509955698009	0	0	0	0	0	0	0	0.0137017972596405	2.21999955600009e-05	0	0	0	0	0	0	0	0	0.00104409979118004	0	0	0	0	0	0	0	0	0	0	8.28999834200033e-05	0.000292999941400012	0.00109429978114004	0	0	0	0	0	0	0	3.02999939400012e-05	0	0	0	0.000187999962400008	0	0	0	0	0	0	0	0	0	0	0	0	0	0
DRR127731	0.272769413840142	0.441190125086034	0.00313986325058727	0.0694356414117613	0.00144520994682412	0.000623308099381757	0.00839138663680286	0	0	0	0	0.00656170159607713	0	0.00225159665769925	2.70263669235706e-06	0.00209444333892145	0	0.024315822516447	0	0	0.0353469845180959	0	0	0.0194333591852211	0	0.0029618896195128	0	0.000543530268129587	0.000441931148028016	0	0	0	0	0	0	0.0961742275764236	0	0	0	0	0	0	0	0	0	5.10498041889668e-06	0	0	0	0	0	0	0	0	0	0	0.000709191887605548	4.04394527300835e-05	0	0	0	0	0	0	0	0	0	0	0	0	0.00987993886835997	0	0	0	0.000716899407061529	0	0	0	0	0	0.00152528807104211	0	0	0	0
DRR127736	0.153226515322652	0.636304663630466	0.00124740012474001	0.00282600028260003	0.00845960084596009	0.00106690010669001	0	0	0	0	9.00000090000009e-06	0.0273177027317703	0	0.00100850010085001	0	0	0	0.0183169018316902	0	0	0.0183012018301202	0	0	0.000633800063380006	0	0.00129330012933001	0	5.47000054700005e-05	0	0	0	0	0	0	0	0.0266110026611003	0	0	0	0	0	0	0	0	0	0	0	0	0	0	0	0	0	0	0	0	0	0	0	0	0	0	3.23000032300003e-05	0	0	0	0	0	0	0	0.103290510329051	0	0	0	0	0	0	0	0	0	0	0	0	0	0
DRR127748	0.3932557	0.2224318	0.0198564	0.0002852	0.0001373	0.0005786	0	0	0	0	0	0.0241951	0	4.7e-05	0	0.0001127	0	0.0219158	0	0	0.0305935	0	0	0	0	0.0003611	0	0.0011212	0	0	0	0	0	0	0	0.2696585	0	0	0	0	0	0	0	0	0	0	0.0023235	0	0	0	0	0	0	0	0	0	0	0.0001564	0	0	0	0	9e-05	0	0	0	1.2e-06	0	0	0	4.22e-05	0	0	0	0	0	0	0	0	0	0	0.0001838	0	0	0
DRR127751	0.230535647770842	0.0134691116933746	0.10196219874764	0.0160793953528009	0.0432824779620723	0.000961615017117828	0	0	0	0	0.000210247011231711	0.0198270333246514	0	9.60214704007816e-05	0	0	0	0	0	0	0.0043852805487307	0	0	0.00496841093668544	0	0	0	0.0116942148264352	0	0	0	0	0	0	0	0.514353909534172	0	0	0	0	0	0	0	0	0	2.86063963902329e-05	0	0	0	0	0	0	0	0	0	0	0	0.000805280060621555	0	0	0	0	0.000428095722203485	0	0	0	0	0	0	2.84063516602312e-05	0.0367211108403839	0	0	0	0	0	0	6.511455961553e-05	0	0	0	0	0	0	0
DRR127752	0.372238134860947	0.294280950971293	0.000272926200915288	8.30079687650015e-06	0.0015885525010401	2.14020545972413e-05	0	0	0	0	0	0.00917428073095017	0	3.58034371299645e-05	0	0	0	0.0119876508144782	0	0	0.00231902262617211	0	0	0.00605258104778059	0	0.000112910839440586	0	0.00135603017889717	0	0	0	0	0	0	0	0.00218530978973982	0	0	0	0	0	0	0	0.0363163863730918	0	2.41023138221269e-05	0	0	0	0	0	0	0	0	0	0	0	8.30079687650015e-06	0	0	0	0	0.000299428745159535	0	0	0	0	0	0	9.00086408295196e-07	0.261481302205012	0	0	0	9.67092840912728e-05	0	0	0	0	0	0	0	0	0	0
DRR127755	0.547496814985603	0.261699747738966	0.00267380301496818	0.0458957816939672	0.0158371798578566	6.73991449214188e-05	0	0	0	0	0	0.0296518793684842	0	0.012148948871879	0.00445077236282882	0.000497093993774788	0	0.0014676012006763	0	0	0	0	0	0.00638854837927826	0	0.0169206261724643	0	0.00442537118358667	0	0	0	0	0	0.00105136594082375	0	0.0225484547734028	0	0	0	0	0	0	0.00727333925622716	0.0160768212620217	0	0	0.000723377008856308	0.000128625094887572	0	0	0	0	0	0	0.000156455072144915	0	0	0.000172141059326326	0	0	0	0	0	0	0	0	0	0	0	0	0	0	0	0	0	0	0	0	0.00222498138174521	0	0	0	0	0	0
DRR127756	0.464125175627883	0.158081533015816	0.118237409748082	0.105128177373818	0.0206981171031943	0.0051285516689669	0	0.00174037128257898	0	0	0.000664930274377565	0.00232062992457346	0	0.0126646304336149	0.0158896383671546	0.000384714716789575	0	0	0	0	0	0	0	0.0470761125139311	0	0	0	0.0220291915821628	0.000418198958508573	0	0	0	0	0.00473473247557699	0	0.00431582539111061	0	0	6.29220493934041e-05	0	0	0	0	0.00114180252653272	0	5.42222161975315e-05	0	0	0	0	0	0	0	0	0	0	0	0.00633580526617089	0	0	0	0	0	0	0	0	0	0	0.000226094502241573	0	0.00355802945540966	0	0	0	0	0	0	0	0.000578134264121069	0	0	0	0	2.16484221385667e-05	0
DRR127762	0.311493591944645	0.53159989394005	0.0172598465771412	0.0021533050366774	1.48027844037463e-05	0.000451884999568419	0	0	0.00279472568790189	7.16134704937999e-05	0	0.0102375256785801	8.28155776101485e-05	0.0346598195120502	2.44045905034737e-05	0.00122933123720572	1.60030101662123e-05	0.0104725698903964	0	0.0425439025080618	0.00677407420335765	0.000145127298444837	0.000405376251272864	0.00148587949393281	0	0.00149768171393039	0	0.00173262590693309	0.000395274351105443	0.000377671039922609	0.000387772940090031	2.84053430450268e-05	1.82034240640664e-05	0	0.00141366591055778	0.000671226257659066	0.000778946519840382	0	0	0	0	0	3.74070362635212e-05	0.000322960748916871	0	0	0	0	0	0.000682428364775414	0	0	4.40082779570837e-06	4.25079957540013e-05	0	0	2.40045152493184e-06	0	0	9.70182491326619e-06	0	0.000158629838272579	0	0	0	0	4.34081650758508e-05	0	0	0	0.00329712018830742	0	0.00857981386298763	0	0	0	0.00115831787959315	0	0	0	0	0.00208229167906483	0.000158829875899657	0	0
DRR127763	0.446065136960983	0.362242522986741	0.042969773329295	7.83009437118477e-05	0	0.000705510551728902	0.0015493761640498	0	0	0	0.0126615934472637	0.00337385833263905	0.000362931390828283	0.00117000257761493	0.00536376503019699	0.000389499572753557	0	0.0102327603328422	0	0	0.0091038632442437	0	0.000117802316083766	0.00424609675811034	0	0.000498780019163179	0	0	2.70694683766951e-06	0.00120007976470015	0	0	0	0	0.000136049142915464	0.00749433270602347	0.000543996057081288	0	0.000131036278401261	0	0	0	0.000599237824027803	0	0	0	0	5.35373930116859e-05	0	0.00178979314615097	0	0	2.77712694086835e-05	8.89282164819576e-05	0	0.000169535077870339	0.000927881221578938	0	0.00837940406465111	0	0	0	0	0	0	0	0	2.6868953796127e-05	0	0	0	0.000962269472146369	0.00065157212955608	0.000238612350876053	0	0	0	0	0	0	0	0	0	0	0
DRR127776	0.465139775142814	0.077183518420691	0.00846239841931483	0.0255154119004647	0.00145318862388338	0.00203656434605212	0.0226436391443609	0	0	0	0.000194825288322424	0.00794543131698494	0	0	0	0	0	0	0	0	0	0	0	3.1004024322357e-05	0	0.0420115530995923	0	0.00113544738107006	0	0	0	0	0	0	0	0.344994280257577	0	0	0	0	0	0	0	0	0	7.0609165069626e-05	0	0	0	0	0	0	0	0	0	0	0	0.00118235346948034	0	0	0	0	0	0	0	0	0	0	0	0	0	0	0	0	0	0	0	0	0	0	0	0	0	0	0
DRR127777	0.525137992144947	0.200726925856847	0.0558165984708462	0.0104400588077551	4.90665440470366e-05	0.00181866647547404	6.28852850235489e-05	0.00162870885494908	0	0	7.26985938329563e-05	0.0628690630232722	1.90258027937489e-06	0.000152106286545813	0.00210956098661004	0.000426177982579975	0	0.00810168750859916	0	0	0.00170931817731207	0	0	0.0198002531032586	0	0.0056471586765972	0	0.00268804552734418	0	0	0	0	0	1.45196916057557e-05	0	0.0903267010719938	0.000249438288206466	0	0	0	0	0	0	0.00128544331822818	0	0	0	0	0	0	0	0	0.000826721199290478	0	0	0	7.14969641828247e-05	0.00133781434381308	0.00442109589024635	0	0	0	1.53207780391767e-05	0	0	0.00118630887209233	0	0	0	0	0	0	0.000958399781784056	0	0	0	0	0	0	0	0	0	0	3.20434573368402e-05	0
DRR162775	0.231734476826552	0.484076651592335	0.000396999960300004	0.0097779990222001	0.00133549986645001	0.000233899976610002	0	0	0	0	0	0.000125299987470001	0	0.00420339957966004	0	0.00842719915728008	0	0.0421432957856704	0	0	0.00554849944515005	0	0	0.00203259979674002	0	0.00125059987494001	0	0.000182899981710002	0	0	0	0	0	0.00682219931778007	0	0.00464969953503005	0	0	0	0	0	0	0	0.168533583146642	0	0	0	0	0	0	0	0	0	0	0	0	7.87999921200008e-05	0	0	0	0	0	7.58999924100008e-05	0	0	0	2.19999978000002e-06	0	0	0	0.0262943973705603	0	0	0	0	0	0	0.000508899949110005	0	0	0	0.00156499984350002	0	0	0
DRR162776	0.192223388935557	0.647283091323653	0.0021461858474339	0.0498506940277611	0.00540891635665427	0.00136815472618905	0	0	0	0	0	0.000141405656226249	0	0	0	0.00113994559782391	0	0	0	0	0.0305717228689148	0	0	0.0148853954158166	0	0	0	5.26021040841634e-05	0	0	0	0	0	0	0	0.0480151206048242	0	0	0	0	0	0	0	0	0	0	0	0	0	0	0	0	0	0	0	0	0	8.68034721388856e-05	0	0	0	0	0.000235009400376015	0	0	0	0	0	0	0	0.00643035721428857	0	0	0	0	0	0	0	0	0	0	0	0	0	0
DRR171464	0.186039997349976	0.555107290948827	0.0315047633382377	0.0373937613549229	0.0652216162705074	0.000326249189130658	0.00083473757255792	0	0.00152876767274845	0	9.5773151533141e-05	0.00744388563985172	0.000215264418963204	0.000366680070237647	0.000429928379296106	0	0	0.00399004759835562	0	0	0.00958592172701509	0	0	0.00606753438276155	0	9.98762855068701e-05	0	0.00157620390454229	0	0	0	0	0	5.62429583716042e-05	0	0.00743718051848001	0.00103499052576358	0	0	0	0	0	0	0	0	0	0.000100476744137172	0	0	0	0	0	0.000349266769958895	0	0	0	0.000289020754051945	0.00060556252865939	0	0	0	0	0	0	0	0	0	0	0	2.38181923353057e-05	0.0815421819185494	0	0	0	0	0	0	0	0	6.17471624827043e-05	0	0	0	0	0
DRR171467	0.742723612771211	0.0345794507512386	0.00215647044666187	0.00020496372322155	0.00110614390013855	6.21193128943789e-05	0	0	0	0	0.000106433090047696	0.0408777088796907	0	2.90090189039772e-06	0.028561679826258	0	0	0.0571924811423872	0	0	0	0	0	0	0	0	0	0.000214066553291418	0	0	0	0	0	0.00203563287826185	0	0.0129747338447523	0	0	0	0	0	0	0	0	0	0	0	0	0	0	0	0	0	0	0	0	0	4.67145235453703e-05	0	0	0	0	0.000140543695034786	0	0	0	0	0	0	0	0.00202893079458404	0	0	0	0.000226570440750029	0	0	0	0	0	0	0	0	0	0
DRR171468	0.233750476892705	0.390361940741077	0.027132861855949	0.0282371657411118	0.126427793176375	0.000988304313036686	8.06779031050356e-05	0	0.00880543118827112	0	0.000126335174140846	0.0151310203125687	0	0.000869194025741068	0.00168430174579356	0.0004597837711782	0	0.0089853509398474	0.000649035668262898	0	0.0113827088790046	0	0	0.00596023061036045	0	0.00225817852173597	0	0.000236514698530558	0.000437908419341263	0	0	0	0	0.000309465986537226	0	0.00639422554932721	0.00154732993268613	0	0	0	0	0	0	0.00376577157677335	0	0.000113791967812326	0	0	0	0.0011940128968244	0	0	0	0	0	0	0.000184736342806431	0.00203641463384775	0	0	0.000271936713202297	0	0	0	0	0	0	0	0	2.64912517658326e-05	0.117013966308346	0	0.000183030466745752	0	0	0.00158375540386415	0	0.000499018920573809	0	0	0	0	0	0	0
DRR171469	0.481324141136668	0.383548537329552	0.00442581289933266	0.00930196744009828	0.0272310935169601	0.000645255133115661	0.00303628778559878	0	0	0	0.000156111734184238	0.00275422112357626	0	0.0015890626490563	0.00650532574226204	0.00116978251815967	0	0.0091431415933429	0	0	0.0157373293916377	0	0	0.0184305332437073	0	0.00239394781042989	0	0.00243908249726101	0.000166465571029683	0	0	0	0	0	0	0.0113188546485159	0	0	0	0	0	0	0	0.00161700795627022	0	0.000897969170294782	0.00080810188738383	0	0	0	0	0	0	0	0	0	0.00105166835997134	5.22717976663256e-06	0	8.30317401392018e-05	0	0	0	0	0	0	0.000177120975938588	0.000120426180008189	0	0	0.000822677677117709	0	1.32689947922211e-05	0	0	0	0	0.000100120597068577	0.00132720104728557	0	0	0	0	0	0.000120727748071648
DRR171470	0.511840343232916	0.426531890471556	0.0045748592283811	0	0	0.00521276474935401	0	0	0	0	5.95101863968231e-05	0.00434500795798603	0	0.00493388582080817	0	0.00203284612871496	0	0.00602745374147639	0	0	0.0107630450696302	0	0	0.00210109175531683	0	0.0010904013235939	0	0	0.00209606887719893	0	0	0	0	0	0	0.00846213011962312	0	0	0.00361756417491147	0	0	0	0	0	0	5.0119588176407e-05	0	0	0	0	0	0	0	0	0	0	0	0	0	0	0.00183378728504266	0	0	0	0	0	0.000176674278146899	2.21661795202846e-05	0	0	0	0	0.000713248692741373	0	4.83725001353993e-05	0	0	0	0	0	0	0.00178039190678936	0	0	0.00140553232899065
DRR171473	0.414039776479817	0.428309309594015	0.0220171940448489	0.0176063747015284	0.0397374769933343	0.00155361248154366	0	0	0	0	0	0.0102991456581457	0	0.00235167026092689	0	0	0	0.021171332804495	0	0	0	0	0	0.0312563629606784	0	0	0	6.88049814806592e-05	0	0	0	0	0	0	0	0	0	0	0	0	0	0	0	0	0	0	6.60047787459812e-05	0	0	0	0	0	0	0	0	0	0	9.60069509032454e-05	0	0	0	0	0	0	0	0	0	0	0	0	0.00171862442840862	0	0	0	9.76070667516328e-05	0	0	0	0	0	0.00836030528610271	0	0	0	0
DRR171474	0.274441560925027	0.619963186787249	0.000757207220542429	0.0666855426728425	0.00104864848862599	0.000853720886877582	0	0	0	0	0	0.00832687908607859	0	0.00241494195578094	0	0.00108745398348406	0	0.0048676892647999	0	0	0	0	0	0	0	0	0	0	0	0	0	0	0	0	0	0.00443312773088669	0	0	6.13086813092734e-05	0	0	0	0	0	0	0	2.18030873171641e-05	0	0	0	0	0	0	0	0	0	0.000371352583525827	3.57050558359064e-05	0	0	0	0	0	0	0	0	0	0	0	0	0.0144095403909194	0	0	0	0.000220331198897764	0	0	0	0	0	0	0	0	0	0
DRR171475	0.381501614020136	0.449733328959818	0.0367620035480313	0.00344891634138646	0.0233944823228566	0.00599391641298077	0	0	0.00611100611740391	1.72638766278693e-06	8.26635033828566e-05	0.0104054462046941	0	0.00820308330805529	0.00217575621618882	0.000126432508245278	0	0	0	0	0.0178012909520733	0	0	0.00694119547877351	0	0.0043438960162183	0	0.000975205925043701	0.000351472217700328	0	0	0	0	5.51428529937238e-05	0.000336442489812536	0	0.000268504057671097	0	0.000402654534291187	0	0	0	0	0.0123300637920552	0	0	0	0	0	0.00117709172937431	0	0	0	0	0	0	0.000472116249664497	0.000209197563843593	0	0	0	0	0	0	0	0	0	0	0	0	0	0	0	0	0	0	0	0	0.00116317907585656	0	0	0	0	0	0
DRR171476	0.333216419387801	0.452863366781457	0.0310194671280423	0.0390863280832094	0.083646241682965	0.0099543250594827	0	0.00182979550392242	0.00476415102410075	0	2.45569607258716e-05	0.00126589119676235	0.000677530572158063	0.000646935014532387	0.00381156236315659	1.68074280377891e-05	0	0.00388161008719432	0	0.00375922785669162	0.00957741596965323	0.000641802207167553	0	0.000751201454335677	0	0.00261380666808037	0	0.000524452140748019	0.000212457967591454	0	0	0	1.61029250661453e-05	3.26084232589442e-05	0.00431598649085359	1.00643281663408e-06	0.00399976529986716	0	7.79985432891412e-05	0	0	0	5.26364363099624e-05	0.000941417256679519	0	0	0	0	0	0.000295689961527093	0	0	0	0	0	0	0.000737916541156107	0	0	4.24714648619582e-05	0	0.00059359407525078	0	0	0	1.50964922495112e-05	0	8.05146253307264e-07	0	0	0.00020672130053664	0	1.09701177013115e-05	0	0	0	0	7.5482461247556e-05	0	0	0	0	0	7.64888940641901e-06	0
DRR171477	0.381648723895498	0.450990209724183	0.0182584983282797	0.00392015110095094	0.0259080639850595	0.00555036344963695	0.0268937528430447	0	0	0	0.00116942406165021	0.00755884827532955	0	0	0	0.00616208065465343	0	0.00423561154317167	0	0	0.0244035757251089	0	0	0.0137661375919626	0	0	0.000696633474973805	0.000604015729413756	0	0	0	0	0	0	0	0.0187810984584646	0	0	0	0	0	0	0	0	0	0.000647624084774643	0	0.00037687220871519	0	0	0	0	0.000382073205226121	0	0	0	0.000857364270994323	0.00256009051334236	0	0	0	0	0.000585112107479793	0	0	0	0	0	0	0	0.0023559514002883	0	0	0	6.99133954065599e-05	0	0	0	0	0	0.00156900062051889	0	0	0	0
DRR171478	0.58892886702813	0.0121153370708991	0.0292307197397928	0.0176441189760915	0.0172081821041601	0.000749410558230694	0	0	0	0	0.000264067507480326	0.0538474234978392	0	0	0.0593041505499469	0.0204818174739332	0	0.000290825012033361	0	0	0.00612275842012068	0	0	0.00482577106459492	0	0.00717061035872193	0	0.00116069444843914	0.00116259854052344	0	0	0	0	0.000160344596572494	0	0.00737033959682754	0	0	0	0	0	0	0	0.000126371585173697	0.00337154578905526	0.000682266258415962	0.00168632407907835	0	0	0	0	0	0	0	0	0	0	0.012550271789102	0	0	0	0	0.00387883600646149	0	0	0	0	0.000254045970194545	0	0.000161346750301072	0.138720223632609	0	0	0	0	0	0	0.00868025473545196	0.000556796611597985	0	0	0	0	0	0
DRR171479	0.290467385649761	0.1727271870083	0.105877900217346	0.0162173199756628	0.364111090056196	0.0022420949525286	0	0	0	0	0.000980016722942094	0.0083821542057226	0	0.00170930084130776	0.000291896145804913	0.000158165330828643	0	0.00314708453135967	0	0	0.0103735165536748	0	0	0.00229278896881983	0	0.000358710859276757	0	0.00766392138290843	0.000390749477572815	0	0	0	0	8.12118140985534e-05	0	0.00298435673906482	0	0	0	0	0	0	0	6.59022211786014e-05	0	0.0014610015495133	0	0	0	0	0	0	0	0	0	0	0	0.00387738253005116	0	0	0	0	0	0	0	0	0	0	0.000628200249880945	0.000137279396116656	0.00122750491047589	0	0	0	4.96801359654072e-06	0	0	0.000299905800378928	0	0	0	0	0	0	0.00167746499907686
DRR171480	0.22083627064316	0.54004503452032	0.0313889043630623	0.0300992266342096	0.0624714200922813	0.00118397465210162	0	0	0	0	0	0.00278795622149273	0	0.0337806994798407	0.00323721934580716	0.000890310464464329	0	0.0116304444098001	0	0	0.0301600434755252	0	0	0.00251833823141019	0	0.0100331757372264	0	0.000555968125963601	0	0	0	0	0	0	0	0.00992526842569945	0	0	0	0	0	0	0	0.000583821638131178	0.000207899416358708	0	0	0	0	0	0	0	0	0	0	0	0.00180256308419736	6.86318555208266e-05	0	0	0	0	3.07590943721077e-05	0	0	0	0	0	0.000151691429574499	0	1.86358031049252e-05	0	0	0	0	0	0	0.000383336466018515	0.00234650811138359	0	0	0.00129268350354701	0	0	0
DRR171481	0.487373621284321	0.325043256285386	0.01671090829266	0.00792765906960694	0.00600187860456498	0.00263592832234269	0	0	0	0	0.000959979379112961	0.00614722052645494	0	0	0.0201456149398648	0.000705430267294635	0	0	0	0	0	0	0	0.014456402141023	0	0	0	0.00585181909266892	0	0	0	0	0	1.93722313016313e-05	0	0.00830275766221935	0	0	0	0	0	0	0	0.072368533313312	0	0.000640488124019218	0	0	0	0	0	0	0	0	0	0	0	0.00861000325814833	0	0	0	0	0.00111405386122697	0	0	0	0	0	0	0	0.0110859350173055	0	0	0	0.0003321384112803	0	0	0	0	0	0	0	0	0	0
DRR171482	0.220622016009818	0.561338267657132	0.0367691192880045	0.0557315512378778	0.0415598042084424	0.00044581720854425	0	0	0	0	0.000246909530707885	0.00950216678363785	0	0.00408975786465358	0	0	0	0.0146667661371729	4.69018104098818e-05	0	0.00854782994623592	0	0	0.00160726204031476	0	5.16019918368849e-05	0	0.0070973739586348	3.80014668566207e-06	0	0	0	0	0.000144005558614563	0	0.00180756977219321	5.5002123081951e-05	0	0	0	0	0	0	0.00229668865218197	0	0	0	0	0	0	0	0	0	0	0	6.10023546908911e-06	0.000136505269103387	0.00102043938896041	0	0	0	0	6.52025168171491e-05	0	0	0	0	0	0.000139705392628155	0	0.0109661232923591	0	0	0	0.000188407272520719	0.00328322673255188	0	0	0	0	0.000472918254644629	0	0	0	0
DRR171486	0.298717124961821	0.205031032224291	0.00860721348903691	0.00160031200572705	0.0919484966085811	0	0	0	0	0	0.000779713695464133	0.156563123039442	0	3.86800522361079e-05	0	0.00320122525578938	0	0.0046901066447119	0	0	0.0114790570564841	0	0	0.00142154202337157	0	0	0	0.000798953514192974	0	0	0	0	0	0	0	1.3327582765291e-05	0	0	0	0	0	0	0	0.0061584455188458	0	0.000716583040260122	0	0	0	0	0	0	0	0	0	0	0	0.00589740526994668	0.000113134142421155	0	0	0	0.000240497734110515	0	0	0	0	0	0	0	0.200317777672671	0	0	0	0.000116942023211238	0	0	0	0	0	0	0	0	0	0
DRR171487	0.295694491043752	0.494285227824711	0.00111591292634193	0.00101085165729395	0	1.13173721662752e-05	7.74188379162014e-05	0	0	0	0	0.00641304402257465	0.00035184007451438	0.00732935055309901	0.00127685998006941	0.00101455734552538	1.51232141336952e-05	0.0142399583360458	0.00049245591983695	0	0.0179147992167978	0	0	0.000945851882639852	0	0.000319089802847371	0	0.000827570320441878	0.000485244850846049	0	0.000299059055650423	0	0	0	0	0.00379642751623742	0	0	0.000108566649807454	0	0	0	0	0.024245717175865	0	0.00105151407410375	0	0	0	0.000738934264095386	0	0	0	0	0	0.00026981416474288	0	0	0.0122804504915045	0.000117380178574111	0	0	0	0	0	0	8.60320592108887e-05	7.61168393483998e-06	0.00467006855523228	0	0	0.000205715773712649	0.001397645385667	0	0	0.00344598959402683	0.000337117475324623	0	0	7.67177617643082e-05	0	0	0	0	0
DRR171488	0.0763346594580366	0.0945725160463556	0.00687657379593454	0.00178232280204106	0.739839174919152	4.82033212088313e-05	0	0	0	0	3.58024667899618e-05	0.000900462041834682	0	0.000486433515269202	0	0	0	0.00256227654085366	0	0	0.00273698857851306	0	0	0.00151670450094011	0	0.000287619817005392	0	5.51037966515893e-05	0	0	0	0	0	0	0	0.000850058569035407	0	0	0	0	0	0	0	0.00127058754348175	0	0.000102507062736623	0	0	0	0	0	0	0	0	0	0	3.90026872851539e-05	0.000667746007699931	0	0	0	0	0.000353024323375881	0	0	0	0	0	0	0	0	0	0	0	0	0	0	0	0	0	0.000817756343412061	0	0	0	0
DRR171495	0.321358807220476	0.4381288579506	0.0157753602606956	0.00311041660559982	0.0554414854960767	0.000854396762328512	0.000275634682464196	9.00588566467176e-05	0	0	0.000345882612171793	0.00735692922546351	0.00105442647871892	0.00446655541550892	0.00113235619642332	0.000824579295761978	0.00722219470704592	0.00405810666162634	0	0	0.0107478321691045	0	0	0.000924442539720403	0	0.000115530048425587	0	0.000848130040541647	0.000239146189479387	0.000493554878794525	0.00024571613973981	3.04239235136498e-05	8.13663070713891e-05	0	0.000673571515930108	2.1832450096174e-05	0.00471206940293303	0.000279071271831187	6.66091880249011e-05	0	0	0.000105119204166764	0.000115428972267735	0.000775658435361292	0	0	0	0.000520340060625479	0	0.00109273434254508	0	7.1966224391092e-05	4.983054582136e-05	0.000521957279151122	0.000254610841630844	0.000615654877480535	6.60027310777852e-05	0	0.0270980125395081	0.000447464150813714	0	0	0	0	0	0	5.18520689784132e-05	0	0.0232110278131264	0	0	3.51745029327247e-05	0	0	0	0.00310243158912946	0.00034537723138253	0.000119977399371104	0	0.000454236253389842	0	0.00259320990586777	0.000655681035990187	0	0
DRR171496	0.261019545648684	0.432915663561882	0.122016960712309	0.0252630833327581	0.123287068204722	0.00074945846598428	0	0	0	0	3.00143558664109e-05	0.000859711199866896	0	0.00134834491337207	0	0.000418099977219104	0	0	0	0	0.0131007660964239	0	0	0.000502840508615271	0	0	0	0.00010444995841511	0	0	0	0	0	0	0	0.00746757173956303	0	0	0	0	0	0	0	0	0	1.00047852888036e-06	0	0	0	0	0	0	0	0	0	0	0.00114874944686043	0.00496777608730256	0	0	0	0	0	0	0	0	0	0	0.0036628519420839	0	0.000663317264647681	0	0	0	0.000131662974400656	0	0	0	0.000172782641937639	0	0	0	0	0	0
DRR171497	0.275701776602742	0.523160504900749	0.0288882393042949	0.0300019320692462	0.0069032934272606	0.000141351387335837	0	0.0126549534551505	0.0020661128068161	0	0	0.014413436790803	0	0.00269818976123428	0.00188972389429079	0.000578920023345002	0	0.0104056444452008	0	0	0.0147443912430213	0	0	0.00160231608052224	0.000162674224094005	0.00607981147809304	0	0.0313571835435752	0.000949617039849679	0	0	0	0	0.00107935599026557	0	0.0184115187365669	0.00458040561441304	0	0.000336260134604161	0	0	0	0	0.000754508078151701	0	0	0	0	0	0	0	0	0	0	0	0	0.000656703329265644	0.000133643131794152	0	0	0.000120128657792496	0	7.07758008827454e-05	0	0	0.00797143740946554	0.000177389984673585	0	0	1.80192986688744e-06	0.00064929539536844	0	0	0	0	0	0.000481916132177562	0	0	0.000105012468353607	0	0	0	0	0
DRR171498	0.315169046728132	0.537213300751617	0.00163961349518313	0.00142314400725428	0.00119283811852221	0.0010105585775057	0.00458947398816807	0	0.00144099095901498	0	9.78574433619967e-05	0.0114567403926249	0	0.00903877922037296	0	0.000312722710907856	0	0.0279015032748154	0	0	0.0227709056987122	0	0	0.0149160411209811	0	0.00854307512203104	0	0.0180290307741607	0.00289972860601671	0	0	0	0	0	0	8.61265818114295e-05	0	0	0.000260485284686954	0	0	0	0	0	0.000873297470986672	0	0	0	0	0	0	0	0	0	0	0	0.00283495820805375	0.00168733905157689	0	0	0.000353028748030318	0	3.2284935207544e-05	0	0	0	0.00134724433038438	0	0	0	0.000120717583819512	0	0.000960426690537466	0	0.000414690969001248	0	0	0	4.8627930359189e-05	0.00169786674784022	0	0	0	0	0
DRR171499	0.245677959796066	0.633627308880296	0.0103167206464173	0.0295398494503451	0	0.00036481206162135	0	0	0	0	0	0.000714482116287003	0	0.0498499938529468	0.000441324321933909	0.000623429518169305	0	0	0	0	0.0127683218785555	0	0	0.0023851167910016	0	0.00623680213648704	0	3.47965325405741e-05	0.00024327489320874	0	0	0	0	0	0	0.00195722974676347	0.00304284145075268	0	0.000178495181332051	0	0	0	0	0.00122178948839872	0	0	0	0	0	0	0	0	0	0	0	0	0.000483340884281173	0	0	0	6.51808246437266e-06	0	0	0	0	0	0.000270149448600307	0	0	0	0	0	0	0	0	0	0	0	0	1.54428415309752e-05	0	0	0	0	0
DRR171500	0.45409741110482	0.27992138145165	0.0265612945827595	0.00477488531874705	0.00215540179615148	0.00282353930652072	0.0281914379674922	0.0505186250965585	0.0118669752534802	0	2.60326319040918e-06	0.000884008104158563	0.000105031657182278	0.0381441136464558	0.00101897728803055	0.00570044550844484	0.00365698402948095	0.00796057858525662	0	0	0.0160421087833599	0	3.44431745192599e-05	0.00501248314762555	0.000560802966518531	0.00686230189542592	0.000488612475738338	0.00200671541777618	0.00121552365890644	0	0	0.00262308804085922	0.000219775488574929	0	0	0.00371335469010404	0	0.00110728798548981	0.000269537865714673	0.00272501580731447	0.000280551671520251	0	0.00062238015352244	0.00193292291887881	0	0	0	0	0	0.00100355795990274	0	0	2.85357695871775e-05	0	0	0	0	0.000103129272543133	0.00183479992170185	0	0.000978126081042587	0.000970216165964036	1.48185750838676e-05	0	0	0	0.000592442626832735	0	0.000167409848244775	0	0	0	0.000833644973974877	0	0	0	0	0	0.00173707742655419	0	0	0	0	0	0
DRR171503	0.209731091033384	0.559488776414944	0.00254801660071422	0.0518814826224088	0.00271874451472816	0.000437471526594598	0	0	0	0	0	0.00315201535451046	0	0.00656407322597245	0.00223166487720742	0.00155325395702197	0	0	0	0	0.000329853931117738	0	0	0.00131751541377015	0	0	0	0.00822874539987288	0	0	0	0	0	0	0	0.000470076857566212	0	0	0	0	0	0	0	0	6.39104493584701e-05	0	0	0	0	0	0	0	0	0	0	0	0	1.5102469253723e-05	0	0	0	0	0	0	0	0	0	0	0	0	0.0355222078809885	0	0	0	0.000117219165333532	0	0	0.000125320489900099	0	0	0	0	0	0	0
DRR171505	0.420049628080886	0.444524029674726	0.0255257843581786	0.00613661764133836	8.4130724068011e-05	1.52782199024345e-05	0.0282036944544987	9.95094585750668e-05	0	0	5.02573023106398e-06	0.00272746379639842	0.00159064361813175	0.00514695084423724	0.000240330419649479	0.00114305208375319	0	0.0128031482782401	0	0	0.0190975738488339	0	0	0.00104233644992267	0	0.00101620265272114	0	0.000108354743781739	0.000349187736454325	0	0	0	0	2.8043574689337e-05	0	0	0.000198214800313163	0	0	0	0	0	0.000623592607070418	0.000944033166603058	0	0	0	0	0	0.00111329976078529	0	0	0	0.000347378473571142	0	0	0.000694656432537663	0	0	0	0	0	0.00030084021163149	0	0	0	0	0	0	0	3.77934913376011e-05	0	0	0	0	0	0	0	0	0	0	0.000607711299540256	0	0	0
DRR171506	0.402758799726716	0.48924684515457	0.00155932245424334	0.000558508042515812	0.00176612543220622	0.000109501576822706	0	0	0	0	9.34013449793677e-05	0.00271253906056247	0	0.00497047157479068	0	0.00253593651748585	0	0.0189867734095371	0	0	0.0207138982801352	0	0	0.00374885398349736	0	0.00234803381168689	0.000459506616895283	0.000198002851241058	0.000204602946282426	0	0	0	0	0	0	0.000280404037818145	0	0	0	0	0	0	0	0.03481860138786	0	0	0	0	0	9.57013780998446e-05	0	0	0	0	0	0	0.00011820170210451	3.93005659281494e-05	0.000947913649956559	0	0	0	0	0	0	0	2.1600311044479e-05	0	0	0	0.00246243545907061	0	0	0	0.000126601823066252	0.00811811690088337	0	0	0	0	0	0	0	0	0
DRR171509	0.358871924043383	0.160740689950026	0.0469666963792345	0.00969463278089468	3.11578624698001e-05	0.00377584892570917	0.0104795285785158	0.0153936982466896	0	0.038951058963986	0.000113438819671602	0.000799718470058202	0.000410497275451638	0.00281479524545136	0.0346669032916416	0.0143786981055213	0.103383199357886	0.000151251759562136	0	0	0.00104756968672736	0.000474829690518733	0	0.0140811354772094	0.00139232286402265	0.00666858924458821	0	7.34075206408235e-05	0.000780559913846998	0	0	0	0	0	0.00107842504567803	0.0593492745965611	0.00280128342159714	0.000708765745308171	0.000477451387684477	0	3.80146089032836e-05	0	0	0	0.000148630062396393	0	0	0	0.00141632147653984	0.00069434641089658	0.00144153010313353	0.000340417293521181	0	0	8.68185099886662e-05	0	0	3.0351186418802e-05	0.090695697593282	0.000560337351924527	0.000135420742061299	0.000463435391298385	0	0	0	0	0	0	0.000175956213623952	0	0	0	0	0	0	0	0.00404074117395566	0.00223681185491125	0	0.000448511884354921	0	0	0.0052401676272834	0	0
DRR171513	0.393132398947203	0.461901812753628	0.00389353666313688	0.00224317873557362	0.0579782350360498	0	0	0	0	0	0.00104943683523292	0.0233672201894286	0	0.0033278168063699	0.0128857522899054	0.000129804556139921	0	0.0165571811570586	0	0	0.00460746172190644	0	0	0.00541859019251576	0	0.000637222366505064	0	0.00254328926945336	0	0	0	0	0	0	0	0.00753596451235438	0	0	0	0	0	0	0	0.000262309207053168	0	0	0.000128004492957703	0	0	2.21007757372284e-05	0	0	0	0	0.000449815788534178	0.000449615781513931	0	0.000802628172248846	0	0	0	0	0.000276809716021032	0	0	0	0	0	0	0	0.000339911930908775	0	0	0	0	0	0	0	0	0	0	0	0	0	0
DRR171514	0.474620934574036	0.400682265710846	0.00649586741941167	0.00243197028104014	0	0.000651658869570482	0.00525774589104672	0	0	0.00149536859258969	0	0.000500545171725303	0	0.00146443829724479	0.000589191802501371	0.00150931754931386	0	0.0383816662999169	0	0	0.0216667729684987	0	0	0.00359913407302562	0	0.0164639131897797	0	0.000604656950173821	0.000661261412242919	0	0	0	0.000506306697328765	0	0	0.00896180037769327	0	0	0.000244915377845398	0	0.00015424715913829	0	0.00252152662638518	0	0	0	0.000850077725001979	0	0	0	0.000244308901466086	0	0	0	0	0	0.000449803314656219	0	0	0.000326486450862829	0.00024916071250058	0.000199429649397016	0.00040906831784578	0	0	0.00221101072017756	2.70892782759251e-05	1.46565125000341e-05	0	0	0	0	0.00227277023147081	0	0	0	0	0	0	0.000522479400777078	0	0	0	0.00018932170974182	0
DRR171515	0.543472845652715	0.291476170852383	0.00169449983055002	0	0	0.00174219982578002	0	0	0	0	0	0.00177189982281002	0	0.0299336970066303	0.00157709984229002	0.00543129945687005	0	0.0120462987953701	0	0	0.0099404990059501	0	0	0	0	0.00353909964609004	0	0	0	0	0	0	0	0	0	0.0140584985941501	0	0	1.90999980900002e-05	0	0	0	0	0.0793554920644508	0	0	0.00096729990327001	0	0	0	0	0	0	0	0	0	0.000241199975880002	0.000176899982310002	0	2.18999978100002e-05	0	0	0	0	0	0	0	1.33999986600001e-05	0	0	0.00219199978080002	0	2.59999974000003e-06	0	0	0	0	0.000222599977740002	0	0	0	0	0	0	0
DRR171518	0.257798637009132	0.641251786125074	0	0.0107385733543074	0	0.000644276361324118	0	0	0	0	0	0.00131978551082927	0	0.0114770486056262	0	0	0	0.0279243149458301	0	0	0.00405665868028256	0	0	0.00324770944537576	0	0.00825826953135401	0	0	0.00594804425686085	0	0	0	0	0	0	0.0131147678833239	0	0	0	0	0	0	0	0	0	0	0	0	0	0	0	0	0	0	0	0	0.0040236240004757	0	0	0	0	0	0	0	0	0.00282456522857696	0	0	0	0	0	0	0	0	0.000233144755364181	0	0	0.000662595592853377	0	0	0	0	0	0	0
DRR171523	0.598656004077637	0.239736717948195	0.00163253515946824	0.00505953872329989	0.000537510350875035	0.00104091369958252	0	0	0	0	0	0.00114863581493281	0	0.00667877115171745	0.00443341017910977	0.000571517332508364	0	0.0201779425316017	7.05144766220505e-05	0	0.0147421265585825	0	0	0.0161004054132313	0	0.0399012917351932	6.60135525823451e-06	0.00221785532569837	0	0	0	0	0	0	0	0.020433595017057	0.00360584027900928	0	0	0	0	0	0.00100610655367547	0.0117445111481387	0	0	0	0	0	0.000519206593113566	0	0	0	0	0	0	0	0	0	0	0	0	0	0	0	0	0	0	0	0	0	0	0	0	0	0	0	0	0.00325846896367824	0	0	0	0	0	0
DRR171525	0.420902616439955	0.467707782266047	0.0159430959287924	0.00242374529797616	0	0.00162890736104798	0	0	0	0	0.000105884983287587	0.00596849031032306	0	0	0.0164374927316664	9.51763885694658e-05	0	0	0	0	0.00016453205342608	0	0	0.00161569675821815	0	0.00327632958212261	0	0.00373019385358689	0	0	0	0	0	0	0	0.0365479333713238	0	0	0	0	0	0	0	0.0129185684430324	0	0	0	0	0	0	0	0	0	0	0	0	0	0.000571458652714669	0	0	0	0	0	0	0	0	0	0	0	0	0	0	0.00982678697922953	0	0	0	0	0.000126701690777018	0	0	0	0	0	0	0
DRR171527	0.283974006860819	0.539433170144254	8.54148453824906e-05	0.0179648496229797	0.000958925342080405	0.00153403852179274	0	0	0.00812278036112025	0	1.71434754604763e-05	0.00222118935583794	0	0.00119570699138157	0.010598298217613	0.00152687859968865	0	0.00689066869537849	0	0	0.0261863562339576	0	0	0.0162593763465822	0	0.0124260952336197	0	0	4.23544687847061e-05	0	0	0	0	0	0	0.0229760891880235	0	0	0	0	0	0	0	0.0228780688459789	0	0	0	0	0	0	0	0	5.80861286190255e-05	0	0	0	0.00117816014002791	0.000453797879836137	0.000120710236036412	0	0.000144811945654376	0	4.7396667449552e-05	0	0	0	0	0	0	0	0	0	0	0	0	0	0	0	0	0	0.000603147804288874	0.00262658212849156	0	1.67400995672886e-05	0
DRR171530	0.2009943	0.7286967	0.0013802	0.0012585	0.0057801	0.001389	0	0	0	0	0	0.0032389	0	0	0	0.0156035	0	0	0	0	0.0399476	0	0	0.0002987	0	0	0	0	0	0	0	0	0	0	0	0.0005206	0	0	0	0	0	0	0	0	0	0	0	0	0	0	0	0	0	0	0	0	0	1.55e-05	0	0	0.0004888	0	0	0	0	0	0	0	0	0	0	0	0	0	0.0003876	0	0	0	0	0	0	0	0	0	0
DRR171538	0.230143646825559	0.598379158772992	0.0116622775026861	0.0146228568723315	0.00858665308994737	0.000820460725808846	0	0.000180140276717932	0	0	0.00115867509835499	0.0019932782400977	0	0.00842697418096354	0.000837511865587269	0.0029935783401578	0.00656037587933731	0.0166261651946518	0	0.000116750157071088	0.0166682915399867	0	0	0.00138044021629672	0.000303309686411485	0.00386288556639072	0	0.000115847449671053	0	0	0	0	0.00112136319248691	0	0.000232597606742141	0.00579628421561949	0.0148499379338512	0.000784352429807479	0.00019859562800752	0.000126579637649238	0.00010712127813739	0	0.00141875513038706	0	2.44734006231489e-05	0	0	0	0	0	4.38314593127709e-05	0	0.000106419172381808	7.60280232473234e-05	0	0	0	0	0.0121254666997258	7.85355438029739e-05	0.000233600614964401	0	0	0	0	0.0332496222671035	0.000233099110853271	0	0.000666398662869679	0	0	0	3.61082960013673e-06	0.000381544327747781	0	0	0	7.52256166695152e-05	0	0	0	0	0	0.000616248251756669	0
DRR171539	0.325715031195254	0.406903823357615	0.0569975999530392	0	0.00786024865584648	0.00092292329424915	0.0120728857188836	0.000207016047259029	0.00266141169543576	0	3.45956736659294e-06	0.0015175224855139	0	0.0059107266452977	0.00510676782888042	0.00475255277012023	0.00247838942184826	0.0151714304909305	0	0	0.0213580297339771	0	0	0.00109623645942073	0.00218934814831679	0.0173998382708056	0	0	0.000137601502032552	0	0.000252436818813975	0.000693587457528231	0	0	0	0.0189649019078733	0	0.00143672484766186	7.99048462735661e-05	0	0.000479317478694087	0	2.24313884091994e-05	0.00282970290797841	0	0	0	0	0	0.000244848090396933	5.74734578643667e-05	0	0	0	0	0	0.00109757564678844	0	0.00120906299515058	0	0.000315713421938433	2.51097631446262e-05	0	0	0	0.000831300558508092	0	0	0	0	0	0	0.00205152344838962	7.52176904865692e-05	0	0	0	0	0	0	0	0	0	0	0
DRR171543	0.337801442544013	0.550850872052683	0.00113937185073188	0.00120040248200572	4.15208393092493e-05	0.000645724088920229	0.000313957575307047	0	0	0	0	0.00023962026541121	0	3.00150645609031e-05	6.22312338562725e-05	0.00296148637000911	0	0	0	0	0.0268261640517376	0	0	0.00348915120498978	0.000465333550909201	0.00495328605427064	0	0	0.000212106456230382	0	0	0	0	0	0.000775589268253737	0	0.000569285724505129	0	0.000299350243887407	0	7.26364562373855e-05	0	7.00351506421073e-06	0.00026953527975691	0	0	8.48425824921528e-05	1.9009540888572e-05	0	0	0	0	4.54227977021667e-05	0	0	0	0.000274437740301858	0	0.0651776126437859	0	0.000367684540871063	0	0	0	0	0	0	0	0	0	0	0	0.000575889038708528	0	0	0	0	0	0	0	0	0	0	0	0
DRR171545	0.300120250097979	0.298376947787669	0.083038933065649	0	0.00168455087200613	0.00198489316344187	0.0303530920285205	0.00101791239779848	0.0276209958090984	0.0407866683829083	7.40823740437586e-06	0.00156694510321167	0	0.00647387346174896	0.00102840740078801	0.00946855054028172	0.0127283807825794	0.00811294598746711	0	0	0.0280699144173663	0	0	0.0145680930713328	0.00415705010571658	0.00134408062796336	0	0	0.00094660811278136	0.0167156587811124	0	0.00191132525032897	0	0	0.00121515671868998	0.0280619917190311	0.00804143591807765	0.00381020054613115	0.00140200892877813	0	0.000338721076877852	0	0.000430912475687863	0	0	0	0	0	0.00584252700739826	0.000468262339268258	0.000114827679767826	0.000745350996629149	0	0	0	0	0	5.65907023945378e-05	0	0.0109098642841775	0.00916759089572895	0.00304385954352293	3.11763324100817e-05	0.000160614702614316	0	0	0	0.000238092518801746	0.000524441472918108	0	0	0	0.000310528617866755	0	0	0	0	0	0	0.00201092488654336	0	0.00357591503821776	0.00816398051180837	0.000537200104003422	0
DRR171546	0.0881782018324204	0.736655191949545	0.00105530383379957	0.000365197262142984	0	9.11990967481108e-05	0	0	0	0	0	0.00090046580690305	0	0.000243130778803205	1.14249417904227e-05	0.000292338203532131	0	0.0241642529806821	0	0	0.00513491002206918	0	0	0.00650069165996286	0	0.00202071141509028	0	0.00158806690886875	0	0	0	0	0	0	0	0.00886334957846475	0	0	0	0	0	0	0	0.107769170876941	0	0	0	0	0	0	0	0	0	0.00465546334202197	0	0	0.000323806902849611	0.000193622697711374	0	0	0	0	0	0	0	0	8.92949397830404e-05	0	0	0	0.0102915675210552	0	0	0	0	0	0	0.000128380266960802	0	0	0.000484257181853705	0	0	0	0
DRR171552	0.483842763252502	0.393732816980519	5.50157255787549e-05	0.000210542876941647	8.71833902614149e-05	0.000134583095541471	0	0	0	0	0	0.000616697222607755	0	0.00022186669659629	0	0.00274828100910265	0	0.0151888497454395	0	0	0.0303034432929668	0	0	0.0174648372852295	0	0	0	0.000378897009860241	0	0	0	0	0	7.50578842595399e-05	0	0.0285040582866059	0	0	0	0	0	0	0	0	0	0	0	0	0	0	0	0	0	0	0	0	0	4.09862145022054e-05	0	0	0	0	3.4873356104566e-05	0	0	0	0	0	0	0	0	0	0	0	0	0	0	0	0	0	0	0	0	0	0
DRR171555	0.286794378398981	0.621142090771226	0.00245699065238522	0.000484251467643284	0.000524288794443059	0.000446616380451495	0	0	0	0	0.000129821032148272	0.00292282494970061	0	0.0107277014360488	0.00263715862298421	0.00997920361152703	0	0.0168120738964937	0	0	0.0158269554705852	0	0	0.00256008676889464	0	0.00280741735520025	0	0.00116568676977546	0.00152312000478046	0	0	0	0	0	0	0.00977851651094315	0	0	0	0	0	0	0	0	0	0	0.000669924570677242	0	0	0	0	0	0	0	0	0	0.00085749944673419	0	0	0	0	0	0	0	0	0	0	0	0	0	0	0	0.000607266154235594	0	0	0	0	0	0	0	0	0.0091461269341407	0	0	0
DRR171560	0.21870564991699	0.583267050789907	0	0.000582645342067505	0.0907240998520099	6.56064464593804e-05	0	0	0	0	0	0.00213356170386452	0	0.0072824157195049	0	0	0	0.0365331750765617	0	0	0.0247399405535481	0	0	0.00139155780253461	0	0	0	0	0.00100432952465375	0	0	0	0	0	0	0.000762036404065596	0	0	0	0	0	0	0	0.0277787710560384	0	0	0	0	0	0	0	0	0	0	0	0	0	0.000252710022010712	0	0	0.000291172427263235	0	0	0	0	0	0	0	0	0	0	0	0	0	0.00104199062979685	0	0	0	0	0	0	0.00344328673272384	0	0	0
DRR171563	0.352800201589136	0.391469308994794	0.0096981747096502	0.0427568315039466	0.00863048483267922	0.0030686702022156	0	0	0	0	0	0.00365550434211229	0	0.00534425367887163	0.00361947768959476	0.0314621757175959	0	0.0207200286772154	0	0	0.029390543123803	0	0	3.15233209528409e-05	0	0	0	0.00113974318200605	0	0	0	0	0	0.00147248934761937	0	0.0941589587977186	0	0	0	0	0	0	0	0	8.57634477986815e-05	0	0	0	0	0	0	0	0	0	8.35618190337212e-05	0	0	0	0	0	0	0	0	0	0	0	0	0	0	6.88509359223954e-05	0.000315133135493638	0	0	0	0	0	0	0	0	0	0	0	0	0	0
DRR171567	0.52755229377851	0.329439370422008	0.00244476485751599	0	0.000123999658525557	0.00046727554935902	0	8.18657955398754e-05	0.00353804352558151	0	0	0.00270057044846943	0	0.0152832831746875	0.00318475959128351	0.00124079722873273	0	0	0	3.13251760439866e-05	0.00533999175137058	0	0	0.00134127798511664	0.000516214881900584	0.00349520909955331	0.000165432958468721	0	0.00105094464421055	0	0	0	0	0	0	0.000617596362196297	0.000305045164798949	0.000721279692488853	0.000166934164988401	0	0	0	0	0.000663233040394565	0	0	0	0	0	0	0	0	0	0	0	0	0.00081425441627436	0	0	0	0.000312050795224122	0	0	0	0	0	4.41354716785881e-05	6.08489042643573e-05	0	0	0	0	0	0	0	0.0373550222313674	0	0	0	0	0	0	0	0	0
DRR171568	0.346264432508281	0.550858000948143	0.0166571312104786	0	0.000314880174435812	0.0023305335312866	2.4013740662407e-05	0	0	0.00071701027327837	6.80389318768199e-05	0.00853878589328814	0	0.00648961335676274	0.0029969148346684	0.00109302542915056	0	0.012964818469128	0	0	0.00061575233348522	0	0	0.00355083178594792	0.000297670326961087	0.00255406143395251	0	6.69383020964596e-05	0.000938837202647355	0	0	0	0.000121469504850676	3.25186071470095e-05	4.74271378082539e-05	0.00149355461194896	0.00105580413112383	0.000261749773220237	2.31132253875668e-05	0	1.89108207716455e-05	0	7.54431685810621e-05	0.00150175930667528	0	0	0	0	0	0.00126882602224993	0	0	0	0	0	0	8.50486648460249e-05	0	0	0	0.000712807868662449	0.000121769676608956	0	0	0	0.00148134762711223	9.12522145171467e-05	0	0	0	0	0	0.022285451735483	0	0	0	0	0.000334191224218498	0	3.58204964880905e-05	0	0.000464265652806536	0	0	0
DRR171569	0.349091034105899	0.302449824073387	0.00928678601248223	0.0716507145529638	0	0.00019401083525384	0.0025582288841321	2.54325084555551e-05	0.00575026000467636	0	4.22199745111982e-05	0.0444449671679384	8.0418999068949e-06	0.00214507627641538	0.00106685854639845	0.00507564512623672	0	0.0108146464710434	0	0	0.0271824258752955	0	0	0.00373345203177596	0.000817057030540522	0.00400426301114064	0	0	0	0	0.000176318655458671	0	0.000389931621735567	0	0	0.0554276893470359	0	0.00033213046615476	0.000317956617568857	0	3.93047857949488e-05	0	0	0.0015573139169702	0.000116708072398812	0	0	0	0	0	0	0	0.000424210220088706	0	0.000298656057792309	0	0.000403301280330779	3.0760267143873e-05	0.0705525931206774	0	0.000663557266067666	0	0	5.74995843342986e-05	0	0	0	3.60880258321909e-05	7.13718616736923e-06	0	0	0	0.000101428462575712	0.000207481017597888	0	0	0	0	0	0.00226258853880488	0	0	0	0.000158324904416993	0
DRR171571	0.192368972948273	0.682955338025426	0.0030736106265532	0.0123684933237368	0.000473604144598168	0.000742013273157512	0.0419363425859729	0.00022877488340759	0	0	0	0.000469490210291278	0	0.00138920537753425	0.00196806603647213	0.0154875579073881	0.000453134812924858	0.0101812850305269	0	0	0.000534911799756957	0	0	0.00143676647171635	0.00137846901239187	0.00557949831875546	0	0.000388515942348328	0.00355162972504169	0	0	0	0	0	0	2.71921023699372e-05	0.00142813724365799	0.00310893025767577	0.000384402008041437	0	8.51885421109841e-05	0	0	0	0.000594312997554015	0	0	0	0	0.0112083638491936	0	0	0	0	0	0	0.000755659494273052	2.5385984869351e-05	0	0	0.00139101149503483	0	0	0	0	0	0	0	0	0	0	0	0.000518757082112824	0.000320886875937488	0	0	0	0	0	0	0	0	0	0	0
DRR171572	0.421586214076406	0.405857823437234	0.00792329979379439	0.00386889287519065	0.00328274850406176	0.00202065296342933	0.00225517071642323	0.00475676008673857	0	0.000147811189307031	4.0003028229237e-05	0.0040553069867389	0.000274320766081992	0.000413431296749164	0.000640048451667791	0.00167042645128236	0.000458634718648202	0.0114882696620134	0	0.00149881346017894	0.0118476968706531	0	0.00011190847147129	0.0325030604816785	0	0.00444633658767969	0.000757657354661748	0.000957072450384494	0.000485536755132364	0.000100307593284812	0.000322224392386504	0	0.000132009993156482	0	0.000174113180367754	0.00486246808883432	0.0006199469299826	1.20009084687711e-06	8.59065031222864e-05	1.4101067450806e-05	0	0	0.000132810053721067	0	0	2.8102127331039e-05	0	1.68012718562795e-05	0	0.000738455901111714	0	0	0	0.000677651298203274	0	0	6.62050117193872e-05	4.60034824636225e-06	0.0335248378302237	0	0	2.90021954661968e-05	0	0	0	0	4.85036717279498e-05	9.70073434558996e-06	0	0	0	5.87044439264052e-05	0.000153311605688551	0	0	0.0121703212933219	0	0	0.00153331607202665	9.6307290461888e-05	0	0	0	0	0
DRR171577	0.439469688987894	0.428515480365448	0.00622174726691652	0.0215581209831575	0.0011461139792391	0.00149721298233467	0	0.00115835578500579	0	0	0	0.00440474219459454	3.95350120662061e-05	0.000799430053633157	0.00654043558753142	0.000509339394030614	0	0.00171154492592202	0	0	0.0261878314443826	0	0	0.0191167838167341	0	0.00569233933884215	0	0.00167622430600501	0.000255572781047276	0	0	0	0	9.21145712608558e-05	0	0.015492306225761	0.00205210794864462	0	0	0	0	0	0	0.00181580096027935	0	0	0	0	0	0.00154316992529488	0	0	0	0	0	0	0.000164060265807733	2.68918356186376e-05	0	0	0	0	0	0	0	0	0	0	0	2.01688767139782e-05	0	0	0.000370063767766924	0	0	0	0	0	0	0	0	0.0015534048776572	0	0	0
DRR171580	0.18769337372209	0.589644579878886	0.00153541427901056	0.0640915176967216	0	0.0013188014870589	0	0	0.0106349633580136	0	2.35536214296887e-05	0.0204995018509724	0.00073962397549296	0.00395982678223912	0.000557637020172972	0.00199229414084542	2.23457434076534e-05	0.0107390421809123	0	0	0.00131175553193036	0	0	0.0444922875981728	0	0.00212868370083358	0	0.000414805444067296	0	0	0	0	0	0	0.000849440218996338	0.00654418246688552	0.00898449869740421	0	0.000204936637738659	0	0	0	0	0.0155053288558637	0	3.79475011922763e-05	0	0	0	0	0	6.87483907541769e-05	0	0.000653160040415599	0	0	0.000158433333890299	0.000291803198823366	0.000637658939132812	0	0	0	0.000125216688284328	0	0	0	0	0	0	2.41575604407064e-06	0.00764133833690094	0	7.78074759194418e-05	8.85777216159234e-06	0	0.0150244927465918	0.00108819744135199	6.79431387394867e-05	0	8.28403010112556e-05	0	0	0	0.000144744049640566	0
DRR171581	0.195787790285627	0.629144921187738	0.000338644875941659	0.0315799610323153	0.00471880563165528	0.00174808024492143	0.000157660561515848	0	0	0	0	0.000138140682471028	0	0	0	0.000729743170444781	0	0	0.000143646289381106	0	0.0734279790538685	0	0	0.017072586722318	0	0.0133150600571622	0	0	0	0	0	0	0	0	0	0.0160131077489315	0	0	0	0	0	0	0	0	0	0	0	0	0	0	0	0	0	0	0	0	0	0.000201805518740285	0	0	0	0	0.000502211452142862	0.000141644250504714	0	0	0.000460869349345373	0	0	0	0.00111964024162207	0	0	0	0.00140212792708094	0	0	2.49253840110769e-05	0	0	0	0.0105401340725395	0	0	0.000119021211201488
DRR171583	0.492537761358419	0.309278805321553	0.0281738397992063	0.000568908789525756	0.0176905924474282	0.00045686767043505	0.0084270927430367	0	0.00685681645163775	0	0	0.00482337017685491	0.000233185579107532	0.0163551023225524	0.000710860885945142	0.00469802417487218	0	0.00306452468055776	0	0	0.00522281677375597	0	0	0.0021824009411454	0	0.00122755051103755	0	0.00182927134258273	0	0	0	0.00101957418372543	0	0	0	0.00790210007072596	0.00424045624744281	0	2.56093986493043e-05	0	0	0	0	0.0395222046491062	0	0	0	0	0	0	0	0	0.000121744680297669	0.00344276349420237	0	0	0	0	0	0.000845710375707885	0	0	0	0	0	0.00216279374530453	0	0	0	0	0	0	0.00761079316109012	0	0	0	0	0	0	0	0	0.000189769645459884	0	0	0
DRR171585	0.533250885811952	0.288379344563229	0.00267285346780162	0.00151503077115296	0.000141761948850367	0.00149570869761616	0.00284244721169464	0.000135755086610944	0	0	0.000627717104019632	0.0201212865577636	0	0.00189896938262271	0	0.00190227315685439	0.000111727637653255	0.0024116550747574	0	0	0.000954390295473549	0	0.00322178056211416	0.00326382859779012	0.00120517679396943	0.0135792128928087	0.000406664573608891	5.13586721470608e-05	0.000601987710760773	0	0	0	0.000177202436062958	0.000125943878286555	0	0.0111324176739507	0.00202681543395175	0.00066395850619748	0.00103087767465553	0	7.15817750197826e-05	0	0.000505577571818045	0.000551129610466998	0	0.000378432321083606	0	0	0.000643134717100816	0.00160843747897598	0.000115131526255594	0	0	0	0	0	0	0.000793606616198345	0.0505465443722909	9.25056784871037e-05	0.00154356336679022	0.00110416139397648	0	0	0	0	0.000119736787305818	8.71996168422806e-05	0.000109224778386829	0	6.20709098073639e-06	0	0.0122751231006302	0	0	0	0	0.00254510753084324	0	0.000750657551186475	0	0.00123140675908157	0	0.000514087293323893	0
DRR171586	0.329220351516888	0.420730628836037	0.0103303404004325	0.0497431370493294	0	0.00798880191180625	0.000569628307025456	0.00304732136640365	0.00561705131416672	0	0	0.0111532702307085	0.000686975339716158	0.00490766699293077	0.00236884943485349	0.00161374678971332	0	0.011423678610387	0	0	0.0142179985738284	0	0	0.00551551061665516	0	0.0108348426049161	0	7.26291097471867e-05	1.62064955634218e-05	0	0.000837735764494409	0	0	0	0	0.0291992030405787	0.0138090346610922	0.00014465797891795	0.000254802124691576	0	0	0	0	0.00936765455594602	0	0	0	0.000603641939689428	0	0.000404862268797334	0	0	0	0	0.000254502004403365	0	0.000317727345119924	0	0.0241836928240839	0	0	0	0	0.000120048115284606	0	0	0	5.41216919741432e-05	0.000595938852291999	0	0	0	0.000362145147775228	0.000438475741077024	0	0.01195569184129	0.000318127505504206	2.38095428647802e-05	0	0.00320798576069289	0	0	0	0	0
DRR171587	0.100116589988341	0.253785674621433	0.00567889943211006	0.198047980195202	0.00133279986672001	0.000690499930950007	0	0	0	0	1.80999981900002e-05	0.00238039976196002	0	0.00174529982547002	0	0.000221299977870002	0	0.0128408987159101	0	0	0.0497823950217605	0	0	0.0178058982194102	0	0.000179799982020002	5.72999942700006e-05	6.67999933200007e-05	0	0	0	0	0	0	0	0.280038871996113	0	0	0	0	0	0	0	0.0721917927808207	0	0	0	0	0	0	0	0	0	0.000187499981250002	0	0	4.65999953400005e-05	2.66999973300003e-05	0	0	0	0	0	0	0	0	0	0	0	0	0	0	0	0	0	0	0	0	0	0	0	0	0	0	0
DRR171588	0.182039150203187	0.645397188208325	0.0219337858050953	0.0574350997986702	0.0137694802985278	0.000859300205826539	0	0.000852876281848862	0.00295490465591958	0.00271691834730905	0	0.00629654961005778	0.000195929681319169	0.00320383171005459	0.00205455156092319	0.00101558223134598	0	0.00297507979216197	0	0	0.0198076677161083	0.000290983681426368	0.00441514287509543	0.00128578853365705	0.00161411127320367	0.00118491285244508	2.83054150266422e-05	3.8543543866066e-05	0.000153170437342752	0	0.000138214739332221	0	0.000580963624731224	0	0	0.000440741409155979	0.00623823242519792	2.85061626509447e-05	0.000553561574013943	0	0	0	0.000114827641100988	0.00829629706954641	0	0	0	0	5.84175586720063e-05	0.000577952410366688	0	0	0	0	0	0	0	0	0	0	1.34500908282626e-05	8.49162450799267e-05	0	0	0	0	0.000143233429939782	0	0.00020426070772772	0	0	0.000898044497316908	0.000101578297897028	0	0	0	0	0.00067902883920296	0	0.000831797781297107	0	0	0	0.00055085148108586	0
DRR171589	0.301938127940435	0.389997126895515	0.0203389140907687	0.0188878309744715	0.00549577687713084	0.00454134900422929	0	0	0	0	0.00103179224899143	0.00587347938164217	0	0.0921260401976079	0	0	0	0.0234938173136463	0	0	0	0	0	0.00514412973244252	0	0	0	0.000267668715720291	0	0	0	0	0	0.00296069057927378	0	0.0351476782720246	0	0	0	0	0	0	0	0	0	0.00901294981447081	0	0	0	0	0	0	0	0	0	0	0	0.007636324899514	0	0	0	0	0.000305950052075645	0	0	0	0	0	0	0	0.059452919618313	0	0	0	0	0	0	0.00109703086147137	0	0	0	0	0	0	0
DRR171590	0.49759898555825	0.393653167390602	0.000699241923580471	0.000462922196112515	0	0.0012172619790009	0	0.00184257259318275	0	0	5.4897503455888e-05	0.00136612637705829	0.000370858682105287	0.00269528709941727	0.00669338812665175	0.0035668350557425	0	0.010160846679788	0	0	6.92229468759464e-05	0	0	0.00388259587853987	0	0.0227563174955038	3.42608506969228e-05	3.8368145663513e-05	0.000262365988231698	0.00147291604618964	0	0	0	0	0	0.0210661155277889	0.00982304671326743	0	0.000579930013697328	0	0	0	3.53628078830811e-05	0.00408485511116294	0	0	0	0.000682712565788096	0	0.000656966838802397	0.000161687172587232	0.000623206877735546	0	0	0	0.000866739415876538	0	0	0	0	0	0	0	0.000130131125892698	0	0	8.36485682220191e-05	5.74019516062479e-05	0	0	0	0	0.011302474324648	6.05074673126941e-05	0	0	0	0	0	0	0	0	0	0.000886775001079417	0
DRR171591	0.3121455688393	0.585168593025555	0.0161994584334122	0	5.81034689672541e-05	0.0118132803824096	6.380817319313e-05	9.01131982346687e-05	0	0	0	0.00266536458553422	0	0.0019272392443084	0.000316294156523562	0.00118414869755264	0.00448347495085503	0.0106487812216349	0	0	0.00920792083391789	0.000165013851867002	0.00297838381926145	0.00222927164026727	0.00125080922285871	0.00510940777563863	0	0	0.000941804410623765	0	0.000154766512794595	0	0.000473807378760245	0	0.000551560384505516	0	0.0014189923548512	0.000106593454887199	0.000245090996370963	0	0.000269177525324661	0	0.000127193775702862	0.000393941519597983	2.58824543581405e-05	2.11285341699106e-06	0	8.34577099711469e-06	0	0.000478878226961024	5.49341888417676e-05	0	0	0	0	0	0.000300342113225279	0	0	0	0.000447079783035308	0	1.94382514363178e-05	0	0	0	0.000266325173211723	1.37335472104419e-06	0	0	0	0.00132063902829026	0.000424366608802654	0.000159203504970276	0	0	0	0	0	0	0	0.00113027093541937	0	0	0
DRR171592	0.192553	0.6879252	0.0011994	0.0420981	0.0004036	0.0006606	0	0	0	0	1e-05	0.000442	0	0.0030641	0	0.0020505	0	0.0116936	0	0	0.0321586	0	0	0.0051515	0	0.0031579	0	0	0	0	0	0	0	0	0	0.0019907	0	0	0	0	0	0	0	0	0	0	0	0	0	0	0	0	0	0	0	0	0.0001663	8.3e-06	0	0	0	0	0	0	0	0	0	0	0	0	0.0152666	0	0	0	0	0	0	0	0	0	0	0	0	0	0
DRR171594	0.11878494201266	0.671932503312191	2.31013306366447e-05	0.00962195422456333	0	0.000213812315589378	0	0	0	0	0	0.0041958416804808	0	0	0	0.000820747275043043	0	0.00508639297623543	0	0	0.0115663662226944	0	0	0.000109306296042652	0.000183710581729508	0.00265485291952816	0	0	0	0	0	0	0	0	0	0	0	0	0	0	0	0	0	0.169313252443341	0	0	0	0	0	0	0	0	0	0	0	0	0.000122707067927113	0	0	0	0	0	0.000120506941199813	0	0	0	0	0	0	0	0.003510502204927	0	0.00049582855972504	0	8.2004723472072e-06	0	0	0	0	0.001235471163139	0	0	0	0	0
DRR171598	0.386794515504991	0.301684724498569	0.00549653098705003	0.00834786840703825	0.188917484698229	0.000270456702885822	0	9.42515904577876e-05	0	0	1.91527296117429e-06	0.000392126937840421	0	0.00563322099417384	0.023876195949359	0.0016924964746377	0	0.00260950900767994	6.42120461193697e-05	0	0.00255205081884471	0	0	0.00314991839425128	0.000606032686451571	0.00469514045855869	0	7.4393233965612e-05	0.000741412243654575	0.000566215169627158	0	0	0.000469947502368134	0	0	0.00341241159377222	0.00347904293205307	0.000415916644095007	0.000250396738713523	0.000159975694178084	0.00016199177097932	0	0	0.000741513047494637	5.41316621131892e-05	0	0	0	0	0	0	3.10475827390359e-05	7.23771571643759e-05	0	0	0	0	0	0.0444238490998771	0	6.7135357481162e-05	0	0	0	0	0	0.000233663301263264	0	0	0	0	0	0.000866308201491151	0	0	0	0	0	0	4.32448473865143e-05	0	0	0	0	0
DRR171599	0.231115314388878	0.658861019644204	0.0083786634811651	0.000761896942148802	7.09928942020634e-05	0.000336340101022188	0	0	0	0	0.000105738358642283	0.00353162112624369	0	0	0.000442879507836003	0	0	0.0129758789375898	0	0	0.0184805818413394	0	0	0.00159989346059319	0	0.00358929659459403	0	0.000451791168744302	0.000812162714912463	0	0	0	0	0	0	0.0196785493818662	0	0	0	0	0	0	0	0	0	3.92513604050901e-05	0	0	0	0	0	0	0	0	0	0	0.000202565056376268	0.000292282451587903	0	0	0	0	0.000259038952469306	0	0	0.00265647599884449	0	4.30563392198692e-06	0	7.70007554885568e-05	1.50196532162334e-06	0	0	0	0.000124262597608971	0	0.00119896885074119	0	0	0	0.00349437238626743	0	0	0	0
DRR171601	0.288436083354028	0.530752697162415	0.0186086279393552	0.0431211944614271	0	0.000717289732945592	0	0	0	0	0.00992624177284578	0.00269173673626571	0	0.0104630089224162	0.0594132325953977	0.00089931250399425	0	0	0	0	0	0	0	0.00267043407130232	0	0.00276564598231239	0	0.000186123284022831	0.0026193276778925	0	0	0	0	7.94099341827663e-05	0	0.00405510729392247	0.0031572949776017	0	0.000295837009209852	0	0	0	0	0.0162314305519621	0	0	0	0	0	0	0	0	0	0.00121055143998514	0	0	0.000547868538354148	0	0	0	0	0	0	0	0	0	0.000756194599944453	0	0	0	9.39117483597198e-05	0	0	0	0.000286135795588028	0	0	0	0	0	0	0	0	0	0
DRR171604	0.342924567201732	0.32466276539327	0.0500159736070505	0.000777008136707308	0	4.12853137431603e-05	0.00183910114562113	0.000227532527113177	0	0.0139138714227074	0	0.00227553118292102	0	0.00439436349422834	0.0028532167076414	0.0261675790446455	0.000815616597190313	0.00958056077398947	0	0	0.0155492228528728	0	0	0.000753843060417505	0.00214240921117562	0.0211080175152686	0	0	0	0	0.000319369185115419	0	0.000203852671350268	0	0	0.077550395108689	0.000702879892579938	0.00241235956687279	0.000431179286674202	0.00107341815732217	0	0	0.00020941228965982	0	0	0	0	0	0	0.00309711922199937	0	0.00036374317569722	4.13882696377816e-05	0	0	0	0.000201999465247083	3.12985919648896e-05	0	0.000943281906520784	0.00024760892656434	0.000907968034665662	0	0	0	0.0321892634092588	0.000127562353435849	0	0.000325031759319593	0	0	0	0.00111820397148245	0.000307529257233964	0	0	0	3.59316072228502e-05	0	0	0	0	0	0.000111913057453404	0
DRR171605	0.30848857330039	0.484486040888753	0.00881024497746053	0.000282556535439284	0.000680737765291523	0.0266229531176489	0.0285782905088284	0.0202091401006166	1.93057565988965e-05	0.0148525271025543	0.00330254344949383	0.00267258821786462	0.000120765901333314	0.00536301327606518	0.00689960460971105	0.00408725950168485	0.000658179408396073	0.0027147670991296	0	0.00027930393514273	0.0146278878369117	0	0.00457588400429931	0.00165011757625459	0.000190329578643468	0.00954333911526754	0	0	0.00149021554877243	0	0	0.000747048842305124	0	0	0.000258844030051509	0.00379515501053633	0.00154666390230616	0.00104167147561872	0.000176584719325776	0.00344513324959112	0.000330716004346313	0.000438156736722781	6.02255667813401e-05	0.00293258639640846	5.63434309435185e-05	0	0	0	0	0.000198933231040803	0	7.02981354416339e-06	0	0	0	0	0	0	0	0.00200622484743206	0.000446970234300538	0.000783352058518266	0	0	0	0	0	0	5.82320375673236e-05	0	0	0	0.00168390265030266	0.0001197166754312	0	0	0	0.00016787614433823	0	0	0	0.00645588697570706	0	0.000382232996140108	0
DRR171606	0.351985333927752	0.521530793291544	0.00379862231563856	0.0162639236983431	0.0010115325713488	0.00181615848030307	0	0	0	0	1.82005860588711e-05	0.00164195287088244	4.0301297701786e-05	0.00101613271947357	0	0.0006807219192458	0	0.00641270648914895	0	0	0.0124466007805451	0	0	0.00115883731456153	0.00017330558043969	0.00720503200203047	0	0.00245817915336874	0.000457914744854784	0	0	0	0	0	0	0.0444334307564704	0	6.55021091679152e-05	0.00017520564162166	0	0	0	0	0	0	0	0.000311310024182779	0	0	0	0	0	0	0	0	0	0	0	0	0	0	0	0	6.00019320622124e-05	0	0	0	0.000206006633413596	0	0	0	0	0	0	0	0.0232305480236464	0	0	0	0	0	0	0	1.40004508145162e-05	0.00138774468537887
DRR171607	0.3984298	0.4514871	0.0005011	0.0013188	7.84e-05	0.0012905	0	0	0	0	0	0.0017743	0	0.0042447	0.000938	0.0130409	0	0.0113175	0	0	0.0354723	0	0	0.0022008	0	0.0064755	0	0	0.0016085	0	0	0	0	0	0	0.0052832	0	0	0	0	0	0	0	0	0	0	0.0001325	0	0	6.33e-05	0	0	0	0	0	0	5.54e-05	0	0	0	0	0	0	0.0004334	0	0	0	0	0	0	0	0	0.0037764	0	0	0.0600082	0	0	0	0	0	0	0	0	0
DRR171608	0.224908265443126	0.602114801389008	0.00125180333103326	0.0827086487266197	0.000449944972270065	0.000890987076035899	0.000310299978653122	0.000115037064942324	0.00131942511877327	0	0	0.00226763063058918	0	0.0302093334472367	0.0012860143538248	0.00140865386827636	0	0.00575665479417468	0	0	0	0	0	0.00369208959126631	0	0.00215259356564685	0	0	0	0	0	0	0	0	0	0.00905841862248016	0	0	0.000140945412611944	0	0	0	0	0	0	0	0	0	0	0	0	0	0	0	0	0	0.0002082671036608	0	0.0093315066114302	0	0.000206866652435415	0	0	0	0	0	0	0	0	0	0	0	0	0	0	0.0200230514271698	0	3.33107327180818e-05	0	0	9.29299420273212e-05	0	0	6.25201439903937e-05	0
DRR171610	0.332278074236711	0.460604592347898	0.0130759023947256	0.0238760389427347	0.0149036779764054	0.000419791475094139	0	6.73066008118576e-05	0	0.00390563532233944	0.00617882828676193	0.00151666265468554	0.000184218372252638	0.0088204579956897	0.00301243350514355	0.00120441765948191	0.000396738449739619	0.00258852541837896	0	0	0.000909050772127122	0	0.00505746326773135	0.00429496387107225	0.00080263636044599	0.00585176348954468	0	0.000773717163461078	0.000368539659797037	0.000950731465290429	0	0	0.00045118063908132	0.000462295490591536	0.000634164027832823	0.00742616162290829	0.000659584104897852	0.000589910452375486	4.91935094618776e-05	0	0.000256773652944319	0.00016219449981573	0.00016960440082254	0.0110830506850608	0	5.45451046334626e-06	0	7.25552806916813e-05	0.000152211716514889	0.00133069472247296	8.23322334090001e-07	0	1.070319034317e-05	0	0	0	0	0	0	0.00033591551230872	0.000708160122609162	0	1.5231463180665e-05	1.14235973854988e-05	0	0	0.000120719637235946	0	0.000178043454746963	0	0	0	0.000762190650783818	0	0	1.03944444678863e-05	0	0.00130815627357725	0	0	0	0.000818896976544267	0	0.000482672718360263	0
DRR171611	0.253205811300262	0.647847965679864	0.0039004700066358	0.000953114850339466	0	0	0	0.000337940721856984	0	0	0.000562967837624434	0.0226421283764694	0.000215826007033848	0.000564568030447669	0.00072418726456538	0.00040504880838141	0	0.0166078012400494	0	0	0.0163817740037675	0	0	0.0119979457524632	0	0.00058737077817877	0	0.00171810703189734	0	5.00060257261e-06	0	0	0	1.02012292481244e-05	0	0.00554196780712076	0.0023048777377674	0	0	0	0	0	0.00034824196315656	0.000435252447919974	0	0	0.000411649603777255	0	0	8.2509942448065e-05	0	0	0.000180421740819769	0.000193723343662911	0.00116874083327041	0	0.000523663101403719	0.00122324740131186	0.00682602253571555	0	0	0	6.69080624215218e-05	0	0	0	0	0	0	0	0.00184952286750553	0	0	0	0	0	0	0	0	0	0	0	0	0	0
DRR171612	0.195626014288869	0.674246725467413	0.00291693074187529	0	0.0281438153586141	0	0	0	0	0	0	0.00481767207300639	0	0.000219962645361399	2.7507834231189e-05	0.00126666074498017	0	0.0273973027518237	0	0	8.2023360253e-06	0	0	0.00223503653840614	0	0.000108830995067395	0	0	0	0	0	0	0	0	0	0.00936426694322543	0	0	0	0	0	0	0	0	0	0.000113032191568159	0.00137069037261812	0	0	0	0	0	0	0	0	0	0	0	0	0	0	0	9.11259526713208e-05	0	0	0	0	0	0	9.60273485888781e-06	0.05156178479631	0	0	0	0	0	0	0	0	0	0.00047483523307438	0	0	0	0
DRR171613	0.234732579658098	0.474062263863228	0.0511009111206096	0.0536992353811845	0.00211031869446797	0.000528455760753519	0	0	0	0	0	0.00361038012069177	0	0.00185750497792711	0.0005454768822632	0.00112679824394091	0	0.00951110232687742	0	0	0.0182838884772114	0	0	0.00118957614503838	0.000573711919120437	0.000435340213671144	0	0.0064720311434459	0	0	0	0	0	0.000107333189755167	0	0.0341227429116791	0.00219552442626055	0	0	0	0	0	0.000344827896937309	0.056411400907386	0	0	0	0	0	0.000121150335451261	0	0	0	0.000183727988060384	0	0	0.000257619680261236	0	0	0	0	0	0	0	0	0	0.000163703139225465	0	0	0	0.000438143692508033	0	0.000121250459695436	0	0	0	0	0	0	0	0	1.88233579048241e-05	0	0	0
DRR171614	0.149948692522194	0.470466911553952	0.00203679231871483	0.0519829737407958	0.133982197600769	5.92259468873313e-05	0	0	0	0	9.51416815706961e-05	0.00123834251785707	0	0.00207761020102907	0.000105046020661652	0.0207440879849462	0	0.00651145266741359	0	0	0.0604215706901193	0	0	0.00479590108426502	0.00979809254434368	0.000952717385486582	0	0	0	0	0	0	0	0	0	0.000776940377579418	0.00648524118416278	0	0.000248708959395111	0	0	0	0.000509323134465209	0.00144633363876714	0	0.00211802790802651	0	0	0	0	0	0	0	0	0	0	0	0	0.0719476202524326	0	0	0	4.1017969972645e-05	0	0	0	0.00014306267575825	0	0	0	0	0	0	0	0.000431589079175587	0	0	0	0	0	0	0	0	0	0
DRR171615	0.227995359374268	0.550235414075364	0.00587043959039832	0.000792853628531361	0	0.00160832590387515	0.00888462448442496	0.000202867243755752	0.00227027161191686	0	4.37360560045702e-05	0.00346035271477806	0	0.00066684975093467	0.000566867325423079	0.000864612786781423	0	0.0120780571503147	0	0	0.00941636284953315	0	0	0.0154710543371956	0	0.00326979561950872	0	0.000568268480535353	0.000132008828077867	0	0	0	0	0.0164234394835102	0	0.00532609082927966	0	0	0.000336977804502031	0	0	0	0	0.1106614292823	0	6.31520625603748e-05	0	0	0	0	0	0	0	0	0	0	0.00112572805020459	1.53126237270005e-05	0	0	0.00118407615238002	0	5.29436467423744e-05	0	0	0	0.000230189768445106	0.000239697606706969	0	0	1.70140263633339e-05	0	0.00340000296244224	0	0	0	0	1.79147689355104e-05	0	0	0	0	0	0	0
DRR171616	0.105241367010982	0.730654805838248	0.0015620329125779	0.0438277932772337	0.00112618890089948	0.00026600996166274	0	0	0	0	0	0.00543739173329509	0	0.00243552235779701	0.000963960854302301	1.49117698599505e-05	0	0.00723360948796885	0	0	7.05556896058059e-05	0	0	0.000115190920193309	0	0	0	4.48353885722e-05	0	0	0	0	0	0	0	0	0	0	0	0	0	0	0	0.0802514424635365	0	0	0	0	0	0	0	0	0	0	0	0	0	0	0	0	0	0	0	0	0	0	0	2.3018168240192e-06	0	0	0.020517194221399	0	0	0	0	0	0	0	0	0	0	0	0	0	0.000234885395042307
DRR171617	0.194510678086876	0.751212955897856	0.00562656947867652	0.000810890015620071	0	6.65812890958571e-05	0.00601284107767173	0	0.00109964255359368	0	2.75336157915199e-05	0.00254360548794023	0	0.000603937347107083	0.000328000455756433	0.00061965653866806	0.000153387270518576	0.00855804852143983	0	0	0.0204213324047329	0	0	0.00149822918801565	0	0.000223472837987899	0	0.000597729768274086	0.000284146914968485	0	0	0	0	0	0	0.00018482565364053	0	0	0	0	0	0	0	0	0	0	0	0	0	0	0	0	0	0	0	0	0	5.08620975348803e-05	0	0	0	0	0	0	0	0	4.21514627208359e-05	0	0	0	0	0	0	0	0	0.00452292203551316	0	0	0	0	0	0	0	0	0
DRR171619	0.443614596295366	0.415978200260083	0.00593426241176641	0.0165339054230057	0	0.00056131126797082	0	0	0	0	0.000242964588436808	0.000956541673882858	0	0.00467519128330752	0.00384158348441453	0.00491605358235118	0	0.0139779219570112	0	0	0.0109391126937235	0	0	0.00406162310756414	0	0.0012858002364575	0	0.000462403557474089	5.4759633240599e-05	0	0	0	8.20893953515378e-06	0	0	0.0153684362270513	0	0	0.000258681704376066	6.40697719816881e-06	0	0	0	0.0378918642401575	0	0	0	0	0	0.000186903537952831	3.11339048223515e-05	0	0	0	0.000151364836306738	0	0.000506251307674057	0	0	0.000283108304944084	0.000135948047423644	0	0	0	0	0.000570120861618302	9.65050940474176e-05	0	0.000957442655051351	0	0	0	0.0014299572234163	0	0	0	0	1.70185331826359e-05	0	0.000117527987978909	0	0	0	0.00012914063415059	0.0122516420381796
DRR171620	0.294191329419133	0.509535950953595	0.00331990033199003	0.0217871021787102	0	0.000364600036460004	0	0.00281890028189003	0	0	5.56000055600006e-05	0.00137210013721001	0	0.00423740042374004	0.00367950036795004	0.00301370030137003	0	0.00446470044647004	0	0	0.00135760013576001	0	0	0.00345680034568003	0	0.00540320054032005	0	0	0	0	0	0	0	0	0	0.00909700090970009	0	0	0.000168200016820002	0	0	0	0.000211900021190002	0.109308010930801	0	0	0.000655900065590007	0	0	0.000583100058310006	0.000340200034020003	0	0	0.000735400073540007	0	0	0.000321300032130003	0	0.00387230038723004	0	0.000147000014700001	0	0	0	0	0	0	0	0	0	0	0	0	0	0	0	0	0	0	0	0	0	0	0	0
DRR171621	0.525915901230916	0.177652310015202	0.0154918890788088	0.0157590234882596	0.00620319816686789	0.000904162670605511	0	0	0	0	0.00430204813416851	0.0210469200215434	7.50625613332877e-05	0.135756161477231	0.0043886510625517	0.00449933823521295	0	0.00650625824070014	0	0	0.00325227613669856	0	0.000176617791372442	0.0085488028575153	0	0.0087872368758681	0	0.0025005466621696	0	0	0	0	0	0	0.000465628722709164	0.0470035135901871	0.00056778605885527	0.00018384306465586	0.000137581245438419	0	0	0	0.000759958257990625	0.00395011711465535	0.000218363814787746	5.68990271069173e-05	0	0.000128750355869797	0	0.000496035081110215	0	0	5.1179019090878e-05	0	0	0.000301354106529229	9.63369771122409e-05	1.74610771015937e-05	0	3.11088155258278e-05	7.32562430124332e-06	0	4.43551498787609e-05	0	0	0.000582838711529057	0.000303160424850083	0	0	0	0	0	0.000333968187322435	0	0	0	0	0	0.0024202658479094	0	0	0	0	3.09081134901773e-05	0
DRR171623	0.183902618390262	0.723332072333207	0.000332400033240003	0.000393300039330004	0.00167710016771002	0.00454840045484005	0	0	0	0	0	0.000864900086490009	0	0	0	0	0	0	0	0	0.0226241022624102	0	0	0.00492450049245005	0	0.00497910049791005	0	0.000394800039480004	0	0	0	0	0	0	0	0.0318292031829203	0	0	0	0	0	0	0	0	0	0	0	0	0	0	0	0	0	0	0	0	0	0	0	0	0	0	0	0	0	0	0	0	0	0	0	0	0	0	0.000280300028030003	0.0192256019225602	0	0	0	0	0	0	0	0	0
DRR171624	0.2799628	0.5791891	0.01153	0.0063317	0.047733	0.0028078	0	0	0	0	5.65e-05	0.0111729	0	0.0106188	0	0.0001468	0	0.0083446	0	0	0	0	0	0.0035136	0	0	0	0	0	0	0	0	0	0	0	0.0167428	0	0	0	0	0	0	0.0006804	0	0	0	0	0	0	0	0	0	0	0	0	0	0	0.0001995	0	0	0.0004454	0	0	0	0	0	0	0	0	0	0.0180227	0	0	0	0.0016716	0	0	0.0005855	0	0	0	0	0	0	8.41e-05
DRR171625	0.306102295683488	0.380628630092508	0.00459140708557557	0.038826008454013	0.00152909859893295	0.00460644838597822	0.158230168396383	0	0	0	0.000104085798786307	0.00365784370725137	0	0.00529764627714779	0.000233541257585077	0.0028705820441769	0	0.00528280552741718	0	0	0	0	0	0.0216303927323645	0	0.00723306053762421	0	6.39756643792526e-05	0.000713860117109559	0	0	0	0	0	0	0.0477255448009144	0	0	0.000441612579821674	0	2.97817747972383e-05	0	0	0	0	0	0	0	0	0.000945897244654372	0.000115617462428336	0	7.8214762093757e-06	0	0	0	0.000741135008506357	0.00138871312850826	0	0	0.00156068532977851	0	0	7.99194428060569e-05	0	0	6.83877791640286e-05	0	0	0	0	0	0	0	2.89795721090972e-05	0	0	2.41663559802506e-05	0	0.000834090244994706	0	0	0	0.000215090595757832	0.00354814248964808
DRR171626	0.335955689335234	0.58467128393824	0.0089543159535086	0.010238897541253	0.000430509512437909	7.90341364040596e-05	0	0	0	0	5.89987311245591e-05	0.00336182018938593	0	0.000181023410515285	0.000824774070601345	4.59102754143327e-05	0	0.0103651507986425	0	0	0.0248898128219949	0	0	0.00777494541358866	0	0.000545687922687902	0	0.00236860776183682	0	0	0	0	0	0	0	0.00793462457325342	0	0	0	0	0	0	0	8.03429819750822e-05	0	0	0	0	0	0	0	0	0	0	0	0	0	0.000119205627391601	0	0	0.000271635796201468	0	0.000203374465651211	0	0	0	0	0	0	0	0.000644354742657301	0	0	0	0	0	0	0	0	0	0	0	0	0	0
DRR171628	0.253065317213705	0.612065327883137	0.00293681332532498	6.38073845436757e-06	0.0123896158397962	0.000587550949150535	0.0294311038196356	0	0	0	5.42885779969962e-05	0.0133248647335749	0	0.00557048927293264	0.00195574863739853	0.0054984183090792	0	0.00839370453331593	0	0	0.0311835056446523	0	0	0.00154727677404926	0.000522383735100191	0.00220982755060606	0	1.00418178953981e-05	0.00183346858406811	0	0.000560877370365884	0	0	0	0.000635144981883933	0.010402277316935	0	0	0.000135669143857619	0	0.000147384598068917	0	0	0.00262426174333072	0	0	0	0	0	0	0.00014131766642378	0	0	0	0	0	0.000640898106719838	0	0	0	0	0	0	0	0	0	0	0	3.07530673046568e-05	0	0	0	0	0	2.76149992123449e-05	0	0	0	0.000256798572220859	0	0	0	0	0	0
DRR171629	0.184820261973934	0.646939876894174	0.00188637314683166	0.0338078953832515	0.000686999477524346	0.000435663084014565	0	0	0	0	0	0.00224002435552668	0	0.003786848335639	0	0.00224142455827604	0	0.0121360573010972	0	0	0.0253962773809648	0	0	0.00385925882067723	0	0	0	0	0	0	0	0	0	0	0	0.0135389604414719	0	0	0	0	0	0	0	0	0	0	0	0	0	0	0	0	0	0	0	0	0	3.54051266623407e-05	0	0	0	0	3.8605590089445e-05	0	0	0	0	0	0	0	0.0681174634087016	0	0	0	0	0	0	0	0	0	0	0	0	0	0
DRR171631	0.085198370821375	0.668126471720206	0.018801732909551	0.0381564963955011	0.000230680692990936	0.00186434226300474	2.17111240462057e-05	0.0002769173460523	0	8.76486118902378e-05	0	0.00798366278121308	0.000183237866371449	0.00394720296895601	0.000818187730259789	0.000707621820765223	1.30668802129942e-06	0.00123140268837994	0	0	0.00596985551146433	8.68444961848228e-05	0	0.0035855519304456	0	0.000649624975512164	0	0.0010420334397547	0	0.000142831052174344	0	0	0	0.000621983498138522	6.69426324758009e-05	0.00470719282503638	0.00214819510701624	0.000124034847560268	0.000197812463532096	0	0	0	6.37261696541408e-05	0.0140364427247983	0	1.10565909494566e-05	0	0	0	0.00028365181508515	0	0	0	0	0	4.45279071873571e-05	0	0	0.0200313263375937	0	0	0	0	0	0	0	0	0	0	0	0	0	4.16129877552276e-05	0	0	0.00160089385501814	0	0	0	0	0	0	0.000233394583496711	4.40253348714727e-05	0
DRR171632	0.243903796152419	0.349551614540921	0.0198140448042198	0.0436746621709864	0.00832532141655159	0.000144609802222828	0	0	0	0	0.000244085333994102	0.00132040258168027	0	0.0192461135740368	0	0.00154797537770429	0	0.056524118763377	0	0	0.0467910284278853	0	0	0.0146137962554968	0	0.000188743312797407	0	0.0107303475528969	0	0	0	0	0	0.000173031382728906	0	0.0250691349942011	0.00232636641001512	0	0	0	0	0	0	0.128885863035803	0	0	0	0	0	0	0	0	0	0.000379788373311856	0	0	0.000438432902102566	0.000562627202835113	0	0	0	0	0.000845742172031223	0	0	0	0	0	0.000114787157888985	0	0.000626075379035302	0	0	0	0	0.00124694680671034	0	0	0	0	0	0	0	0	0
DRR171633	0.0739882485726929	0.810460885388116	0.00498815842645693	0.0204823053744265	0.00244365334980311	9.21472623308495e-05	0	0	0	0	0	0.00555164743997196	0	0.00309338659798611	0	0.000208206789262213	0	0.0183145935550344	0	0	0.0287932680671917	0	0	0.00772156038832317	0	0.00148075948153808	0	0	0.00324316341851736	0	0	0	0	0	0	0.00946725575547698	0	0	0	0	0	0	0	0	0	5.30271976496745e-06	0	0	0	0	0	0	0	0	0	0	0.000282745019920717	0	0	0	0	0	0	0	0	0	0	0	0	0	0.00886734806282142	0	0	0	0.000512863047457041	0	0	2.50128290800352e-06	0	0	0	0	0	0	0
DRR171635	0.209956720995672	0.638189363818936	0.00343330034333003	0.0184647018464702	0.0695130069513007	0.000493000049300005	0.000701400070140007	0	0	0	0	0.00689350068935007	0	0	0	0	0	0.0203311020331102	0	0	0.0239197023919702	0	0	1.64000016400002e-05	0	0	0	0.00555730055573006	0	0	0	0	0	0.000295200029520003	0	0.000566400056640006	0	0	0	0	0	0	0	0	0	0	0.00142890014289001	0	0	0	0	0	0	0	0	0	0	0.000154500015450002	0	0	0	0	2.60000026000003e-05	0	0	0	0	0	0	0	0	0	0	0	0	0	0	0	0	0	0	0	0	0	0
DRR171637	0.27841693373153	0.618081220867186	0.00167467252643645	0.0627070267514404	0	0.000430098404393947	0	0	0	0	0	0.0065697306167335	0	0.00532125469479071	0.000825180655836537	0.00215699502180356	0	0.0106874301115104	0	0	0.0084216849232551	0	0	0.00041239023561569	0	0	0	1.18054458521716e-05	0	0	0	0	0	0	0	0.00253186795068565	0	0	0.000718331366259255	0	0	0	0	0	0.000213598533003274	0	0.000394281882232274	0	0	0	0	0	0	0	0.000128359212104544	0	0	0	0	0	0	0	0	7.1733090474636e-05	0	0	0	0.000216099686785514	0	0	0	0	0	0	0	0	0	0	0	0	0	0	0	0	0
DRR171638	0.151644990375243	0.669951233095163	0.0218495897350856	0.00902294759022998	0.0754606791200073	0.000228441713456877	0.000150927559372341	0	0	0	1.50027395002327e-05	0.00282911659669056	0	0.00462444442355174	0.00277660700843974	0.000251745968813905	0	0.000291953310674529	0.000540798749851723	0	0.0162199617650183	0	0	0.00463734677952194	5.09092960374564e-05	0.000597009013845928	0	0	3.28059903738423e-05	0	0	0	0	0	0	0.00259857449970365	0.00312467056484514	0	0.000126223048328625	0	0	0	0	0.00102948798450597	0	0	0	0	0	0	0	0	0	0	0	0	0	5.33097343574937e-05	0.0231290233596655	0	0	0	1.40025568668839e-05	0	0	0	0	0	0	0	0	0	0.000345263045032023	0	8.04146837212475e-05	0	0	0	0	0	0	0	0	0	0
DRR171639	0.296322872871776	0.523142184315983	0.010496886989021	0	0.000167146273794484	0.00141119932551681	0	0	0	0	0.000191687992544973	0.00160763407024809	0	0.00304499103015329	0	0.00862696961179748	0	0.0129540887058909	0	0	0.0286245315990788	0	0	0.00321486416158672	0.0154102804754872	0.0385284785437207	0	0	0.00723071750593117	0	0	0	0	0	0	0.00289380192328299	0	0.00107983562502152	0.000903195846854423	0	0.000382770016725737	0	0	0	0.000241579387864898	0	0	0	0	0	0.000232085883492281	0	0	0	0	0	0.000134322987399797	0.000638892645331665	0	0	0.0037668003466543	0	0	0.000102610643006161	0	0	0.000418219166031999	0.000265111159341704	4.22157960399361e-05	0	0	0	0.000226632168214394	0.000482148828456113	0	0	0	0.000327525900855294	0	0.00262040919629709	0	0.0155845973749248	0	0.00126001021864651	0.0106827172873786
DRR171640	0.327548925597372	0.565179612775251	0.0018527131542634	0.0130344925448971	0.0156392110383984	0.00196641396153913	0	0	0	0	0.000379602695179136	0.00883216270835523	0	0.000149601062167541	0.000654004643432968	0.00124720885518287	0	0.0264937881058956	0	0	0.00130880929254598	0	0	0.0134779956937694	0	0.000513803648005901	0	1.97001398709931e-05	0.00144891028726304	0	0	0	0	0	0	0	0	0	0	0	0	0	0	0.00654094644071973	0	1.56001107607864e-05	0	0	0	0	0	0	0	0	0	0	0	4.3900311692213e-05	0	0	0	0	0.000157201116127925	0	0	0	0	0	0	0	0.00722045126520398	0	0	0	0	0.00396192812968972	0	0	0	0	0	0	0	1.92001363209679e-05	0
DRR171641	0.315030783364203	0.576803261710479	0.0036238111435498	0.0373162403229819	3.4054609972552e-05	0.000548579702410786	0	0.000253206041207681	0	0	0	0.000778848962195777	0	0.000711240545338505	0.00132392304299174	0.00101312464668342	0	0.0120030480879138	0	0	0	0	0	0.00396035081857266	0	0.0248611673679913	0	0.000372597497346745	0	0	0	0	0	0	0	0	0	0	0	0	0	0	0.00220984370536592	0.000720956125242439	0	0	0.00198578440387005	1.29207196660565e-05	0	0.000369091875731924	0	0	0	0	0	0	0.000405950982996333	8.85419859286352e-05	0.0113286666498397	0	0	0	0.00036127934756175	0	0	0.000449821333490385	0.000537962676948755	0	0	0	0	0	0	0	0	0	0	1.7027304986276e-06	0	0.000858877295631275	0	0.00203436230338972	0	0	0
DRR171642	0.35938254783239	0.440793712383032	0.0109683383313832	0.00502963237011838	4.76243471704621e-05	0.00166113722930572	0.000188692676578547	0	0	0	4.17089019429731e-05	0.00170023932487725	0.000505419650707999	0.0022166877717721	0.0060699486358883	0.00688156777345649	0	0.00172149482298281	0	0	0.0214946224592411	0	0	0.0121109216163403	0.0031450116253538	0.0103043045391517	0	0	0.00278426972826049	0.00184501734027546	0	0	0	0	0	0.072865251170807	0.0220364371373657	0	0.000722686935588823	0	0.000293466240353563	0	0	0.000312616241005265	0.00102658040142813	0	0.00139744873865663	0	0	0	0.00221829196030837	0	7.31911019672364e-06	0	0	0	0.000364551844866948	0	0	0	0.000528479860916854	0	0	1.93505242187351e-05	0	0	0	6.5370682852929e-05	0.00014648246571799	0	0	0	0.000865259191749658	0	0	0	0	0	0	7.51963376375717e-05	0	0	0	0.000736924108848203	0
DRR171643	0.499240935501868	0.416853161895392	0.0192691680411096	0.00189873626586268	1.69003227961654e-05	0.000248504746440657	0	0	0	0	0	0.00886786937630509	0	1.82003476266397e-05	0	0	0	0.0196626755571031	0	0	0.0246288704114249	0	0	0.00144492759811712	0	8.94017075726146e-05	0	4.70008977171464e-06	0.00105192009167375	0	0	0	0	0	0	0.00247584728868321	0	0	0	0	0	0	0	0	0	0	0.00042150805080377	0	0	0	0	0	0	0	0	0	0	0.000608211616841882	0	0	0	0	0.000418908001142822	0	0	0	0	0	0	0	0.00133852556583831	0	0	0	9.60018336350224e-06	0	0	0	0	0	0.0014314273402622	0	0	0	0
DRR171644	0.382053683261615	0.37251513102957	0.0346508653639674	0.0637510110607319	0.00456413843223	0.00182673557132445	0	0	0	0	2.26041523827927e-05	0.0109403097348983	0	0	0	0.000397873089286502	0	0.0351003479339155	0	0	0	0	0	0.00203037297951634	0	0	0	0.000241644390074457	0	0	0	0	0	0	0	0.0905811397553731	0	0	0	0	0	0	0	0	0	0	0	0	0	0	0	0	0	0	0	0	0.000225241376840926	0.000158729158546425	0	0	0	0	9.25169953720498e-05	0	0	0	0	0	0	3.2806026467062e-05	0.000732934640093385	0	0	0	8.19150477942798e-05	0	0	0	0	0	0	0	0	0	0
DRR171645	0.32853316893092	0.437472590381614	0.0630546394719015	0.0016010937103811	0.00150397242157556	0.0106432264536674	0.00127172586138842	0.0141113412128257	0.00410553605421741	0.0138299307704171	0.00361500316800394	0.00111649266271787	0	0.00408552866656492	0.00122195874134831	0.00146988948482083	0.0068254348389546	0.00603368520195296	0	0	0.0166719852134346	0	0	0.011018239297606	0.00241325289358101	0.00163356801295272	0	0.000404470957416839	0.000402962862870169	0	0.000438051195989353	0	2.03090065618199e-05	0	0	0.00494484093925737	0.00360866917090793	0.000392707819952815	0.00018388699505727	0	7.96273920641652e-05	0	6.33399709601314e-05	0.00188552034188302	2.21187200178237e-06	0.000255672295478753	0	7.55052669699344e-05	0	0	2.01079272889306e-06	0	8.62630080695123e-05	0.000359931898471858	0	0	5.34870865885554e-05	0.000187104263423499	0.00026361492675788	0.000443781955266698	0.000624049523411961	0.000400750990868387	0	0	0	0	5.49951811352252e-05	0	0.000283220155864588	0	0	0	0	3.01618909333959e-06	0	0	0	7.37960931503753e-05	0	0	0	0.000651798463070686	0	0	0
DRR171646	0.199669019966902	0.671422067142207	0.000923300092330009	0	8.06000080600008e-05	0.00385430038543004	0	0	0.00879760087976009	0	2.51000025100003e-05	0.00359330035933004	0	0	0	0.00195970019597002	0	0.0137432013743201	0	0	0.0346215034621503	0	0	0.0247616024761603	0	0.00488110048811005	0	0	0.00358520035852004	0	0	0	0	0	0	0.0096268009626801	0	0	0.00533800053380005	0	0	0	0	0	0	0	0	0	0	0	0	0	0	0	0	0	0	0	0	0	0.000632800063280006	0	2.72000027200003e-05	0	0	0	0	7.57000075700008e-05	0	0	0.00321130032113003	0	0.00467310046731005	0	0.000563700056370006	0	0	0	0	0	0.00273440027344003	0	0	0	0
DRR171647	0.389534979663818	0.516332004191353	0.0117437490004932	0.00307210521067729	0.0128525952573144	0.00204927029875241	0	0	0	0	0.000730896405235851	0.0198536186923055	0	0.00158450899673667	0	0.0240925778110133	0	0	0	0	0	0	0	0.00481783547249882	0	0	0	0.000768701391713567	0.000114815144117509	0	0	0	0	0.00164271667432934	0	0.000339644799149008	0	0	0	0	0	0	0	0	0	7.02092606014733e-05	0	0	0	0	0	0	0	0	0	0	5.14067805543551e-05	0.00340334890172014	0	0	0	0	0.00247872694408392	0	0	0	0	0	0	0	0	0	0	0	0	0	0	0	0	0	0	0	0	0	0
DRR171648	0.616651196452342	0.192004137864669	0.0720461580407692	0.0380324694070664	0.000633410049558147	0.00308976600214912	0	0	0.00770406649452294	0	0.000433633782938525	0.00383945325656365	0	0.000717610784109317	0	0.000124296322432679	0	0.0159753853185995	0	0	0	0	0	0.00444890619236259	0	0.00336833009895591	0	0.00799265448830011	0.000381208801783452	0	0	0	0	1.19284373947491e-05	0	0.01175893329698	1.84439704254944e-05	0	1.42339336979359e-05	0	0	0	0	0.00814271222594666	0.000142740292858174	0	0	0	0	0	0	0	0	0	0	0	0	0.000544899039309714	0.00157846305592533	0	0	0	0.00038832576863242	0	0	0	0	0	0	0	0	0	0	0	3.70884187903963e-06	0	0	0	0	0	0	0	0	0	0
DRR171649	0.287220380027287	0.493574619756022	0.0576345720116964	0.0278945144071523	0.0101733811805918	0.000826192572615023	0.00122060129654414	0	0	0	0	0.00649304945133636	0	0.00904307648175066	0.00413277305430265	0.00523368876615556	0	0.00404694869375004	0	0	0.00845902360627787	0	0	0.01012237638071	0.0126548339080336	0.0043406255999586	0	0	0	0	0	0.000571594500553865	0	0	0	0.00193903425020229	0.00477720113130563	0.00133038407040238	0.000483108094078407	0	0.000118514284485181	0	0.000193264533998745	0.00706964859822518	0.000238519314687157	0	0	0	0	0	0	0	0.000282496313332601	0	2.98149143358946e-05	0	0	0	0	0	0.00101679506069092	0	0	9.860218098228e-05	0	0.0167748291419065	0.000479061784275678	4.12084708856829e-05	0.000158125527817155	0	0	0	0.000738451538997961	0	0	0	0	0.00189569614257833	0	0	0	0.00587843628866928	0	0	0
DRR171650	0.518662366155434	0.392294674526652	0.00345227390051789	0.000300473763967294	0	0.00507464488518093	0.0148271885563937	0	0	0	0	0.00415750778504937	0	0.000229284275032889	0.00771635776256848	0.00772791044279029	0	0.000652570315232053	0	0	0.0195279845464688	0	0	0.0113111147191554	0	0.00240597575394248	0	7.83708847479642e-05	0.00114600506236366	0	0	0	0	0	0	0.0030476178581539	0	0	0.000360422807280478	0	0	0	0.00162715858187208	0	2.40420642453914e-05	0	0.00104577775557443	0	0	0	0	0	0	0	0	0	0	0.000271019633311685	0	0	0.000391125876338446	0	5.73470883082713e-05	0	0	0	0	0.000173498359727565	0	0	0	0	0	8.60726715625052e-05	0	0	0	0	0	0	0	0	0	0	0
DRR171651	0.275641477364863	0.225635471491118	0.0190523331818519	0	0.000359151249922424	0.000506195058767475	0.0353259487779048	0.0147245005615492	0	0.0135347369727594	0.00026996402481627	0.00396557833561223	0	0.00936445844035467	0.000186482379767413	0.0464488269527598	0.15389911333284	0.00304227534528769	0	0.000168564856429588	0.00182698679308364	0.000555943712951266	0	0.00266180324357221	0.00681096111997534	0.00094312237368146	0	0	0	0	0	0	6.10597164026418e-06	0	0	0	0.00480910330303036	0.00791383973526109	0.000353645865656612	0.0011996732804683	0.000373765542700761	0	0.000454644642460326	0.000200696280962782	0.000201697259920202	0.00143390235650466	0.000181377387084569	0	0.00365457417354172	0.000895776068995478	0.00027436833222892	1.9619187565439e-05	0	0.000204099609418011	0	0	0	0	0	0.00122880176812923	0.000841923401086262	0.00052070925365007	0	0	0	0	0	3.79371024862315e-05	0.00105573250639125	0	0	0	0.000506395254558959	0	0	0.00129536686879768	0	0.0015421081818018	0	0	0	0	0	0.000607193835571189	0.00673818994977088
DRR171652	0.486744331985439	0.401882713060042	0.0066930595575357	0.00461593097492272	0.0154058411422391	0.000546926075691905	0	0	0	0	0	0.00324069590062713	0	0.000468231676311775	0.000879662138711995	0.000238000112997086	0	0	0	0	0.00924063940208399	0	0	0.00784885832586745	0	0.00217317610595898	0.000759098283251411	0.000332130721486396	0.000124801246196437	0	0	0	0	0	0	0.0261773892830335	0	0	0	0	0	0	0	0	0	0	0	0	0	0	0	0	0	0	0	0	8.58576075288344e-05	6.42670928271064e-05	0.0272649862385691	0	0	0	4.98397862740825e-05	0	0	0	0	0	0	0	0	0	0	0	0	0	0	0	0	0	0	0	0	0	0
DRR171653	0.342054184108368	0.486981173962348	0.000276700553401107	0.040243680487361	1.67000334000668e-05	0	0	0	0	0	0	0	0	0.00125240250480501	0	0	0.000447200894401789	0.00330660661321323	0	0	0	0	0	0.00758091516183032	0.000616801233602467	0	0	0	0	0	0	0	0	0	0	0	0.0033499066998134	0	0	0	0	0	0	0	0	0	0	0	0	0	0	0	0	0	0	0	0	0	0	0.00170140340280681	0	0.000129200258400517	0	0	0	0.00128630257260514	0	0	0	0	0	0	0	0	0	0	0	0	0	3.72000744001488e-05	0	0.00571701143402287	0	0	0.00388160776321553
DRR171654	0.570678326038725	0.378552202408246	0.000808248899058393	0.00326799771386169	0.00387953471185007	0.00130637903593167	0	0	0	0	0.000442926797071223	0.00575674828327114	0	0	0	3.6002178131777e-06	0	0.00655809676485427	0	0	0	0	0	0.00129387827963592	0	0	0	0.0100682091266522	0.000647939200321619	0	0	0	0	0	0	0.0158082563995122	0	0	0	0	0	0	0	0	0	0	0	0	0	0	0	0	0	0	0	0	0.000717843429527486	0	0	0	0	0	0	0	0	0	0	0	0	0	0	0	0	0	0.000209812693667967	0	0	0	0	0	0	0	0	0	0
DRR171655	0.501108104432418	0.351155404621618	0.0019501078004312	0.053002912011648	0.0040062160248641	0.000274101096404386	0	0	0	0	0	0.00886193544774179	0	0	0	0.00502082008328033	0	0.0344235376941508	0	0	0	0	0	0	0	0.00411071644286577	0	0.00255121020484082	0	0	0	0	0	0	0	0.00400491601966408	0	0	0	0	0	0	0	0.0183181732726931	0	0	0.00071500286001144	0	0	0	0	0	0	0	0	0	0	0	0	0	0	0	0	0	0	0	0	0	0	0	0	0	0	0	2.98001192004768e-05	0	0	0	0.0104670418681675	0	0	0	0	0	0
DRR171656	0.259062275633802	0.0988255479112795	0.0798457501026945	0.000153283115064455	0	0.00523705102957077	0	0.00533079961052487	0	0.0234746028188608	0.00638557577637113	0.018420654486466	0.00221240373244908	0.000326445951536587	0.00747801878277931	0.00124624927203599	0.115243163520753	0.00338677211707942	0	0	0.0162542880035926	0	0.00029599858874904	0.0113000521685742	0.000761079439576005	0.00781879905975196	0	0	0	0.00621743518530725	0.000149202540670248	3.63066490971781e-05	0	0	0.00044582891009532	0.00735874045433325	1.82056396049251e-05	0.00131854867989233	3.62020189845062e-05	0.00108951336325336	0.000301334724495311	0	0.000192519407316449	0.000400628701421023	0	0	0	0	0	0.00479844159724982	0	0.000284280016129778	0	0	0.000209783375907326	0.000137588598163658	0	0	0	0.00124792335383874	0	0	0	0	0	0	0	0	0.00108616519964786	0	0	0	0.000378551747647235	0	0	0.0174420490426449	0	0	0	9.64689638835684e-05	0	0	0.0069354070184624	0.00063311681177817	0
DRR171657	0.183945757942694	0.464779188949937	0.0112184460212863	0.0399509187346715	0.00278663917158621	0.00116827689084742	0	0	0	0.00142996610172211	0.000177467395880531	0.004525518859019	0.000938571916857427	0.00444450549411986	0.00151428818078172	0.00264987898628618	0.0020799780381591	0.0104106184458007	0	0.00237294963746018	0.000926841021197528	0.00100845597048948	0.00278333045742572	0.00175532299416974	0	0.000513652807398846	0	0.000210053217158029	0.00011269680958741	0.000720297046330922	0.000162528050125616	0	0.000738244314049913	0.000146586063716009	0.000543732027039614	0.000799405393986141	0.0036585354849066	0.00056629144177019	0.000120216614497602	0	1.67440989333608e-05	0.00119965954333929	0	0.0076278895727678	0	0	0	0	0.000734434279562083	0.00076712036490505	0	7.47969928400428e-05	0	0.000172654720738008	0	0.000257578384190442	0	3.43905744559446e-05	0.0323965227218926	3.20845009501524e-05	0	0	0	0	0	0	1.45382894930378e-05	0	0.000193208854159199	0	0.000348317363440092	0.000163831482976716	0	0	0	0	0.000139868371329571	3.20845009501524e-05	0	0	0	0.00138695281763581	0.00330350042908007	0	0
DRR171659	0.450012645001265	0.474213147421315	0.000128800012880001	0.00130680013068001	8.20000082000008e-06	0.000817700081770008	0	0	0	0	0	0.00307330030733003	0	0.00254960025496003	0.00138090013809001	0.000266200026620003	0	0.0100929010092901	0	0	0.00894040089404009	0	0	0.00475250047525005	0	0.00124140012414001	0	0	0.00169310016931002	0	0	0	0	0	0	0.0389991038999104	0	0	0	0	0	0	0	0	0	0	0	3.50000035000003e-05	0	0	0	0	4.34000043400004e-05	0	0	0	0.000444900044490004	0	0	0	0	0	0	0	0	0	0	0	0	0	0	0	0	0	0	0	0	0	0	0	0	0	0	0	0
DRR171662	0.458016047375073	0.429779022241472	0.000470654190097339	0.00260504210184386	0	0.000252277122320504	0	0	0	0	0.000160595183763594	0.00117395382913765	0	0.00507640667517373	0.000451832070261152	0.00411556781579419	0	0.010879792430472	0	0	0.0485558070793433	0	0	0.00903664140522304	0	0.00122728316867352	0	0	0	0	0	0	0	0	0	0	0	0	0	0	0	0	0	0	0	0	0	0	0	0	0	0	1.11313611934438e-06	0	0	0	0.00119641893990988	0	0	0	0	0	2.34770526988997e-05	0	0	0	0	0	0	0	0.0148059247175923	0	0.00491641865656614	0	0.000259259521614574	0	0	0	0	0	0	0.00699646528685012	0	0	0
DRR171663	0.196224680377532	0.707944629205537	0.0128139987186001	0.00176079982392002	0.00256779974322003	5.87999941200006e-05	0	0	0	0	0	0.000806099919390008	0	0	0.0110053988994601	0.00132639986736001	0	1.71999982800002e-05	1.51999984800002e-05	0	0.0431177956882204	0	0	0.000457399954260005	0	0.0145364985463501	0	0.00181319981868002	0	0	0	0	0	0.000830299916970008	0	0.00432219956778004	0	0	0	0	0	0	0	0.000326199967380003	0	0	0	0	0	0	0	0	0	0	0	0	0	0	0	0	0	0	0	0	0	0	0	0	0	0	4.40999955900004e-05	0	0	0	1.12999988700001e-05	0	0	0	0	0	0	0	0	0	0
DRR171673	0.420466942046694	0.324219932421993	0.0116764011676401	0	0.0883562088356209	0.0323025032302503	0.000159900015990002	0.0141694014169401	0	0	0.00515430051543005	0.0095378009537801	0.000574000057400006	0.00204500020450002	0	0.00608500060850006	0.0128423012842301	0.00670770067077007	0	0	0.0118228011822801	0	0	0.00165530016553002	0.0131793013179301	0.00141590014159001	0	0	0.00177570017757002	0	0	0	0.000613800061380006	0.000129700012970001	0	0	0.00396690039669004	0.000763700076370008	0.000399500039950004	4.74000047400005e-05	0.000216900021690002	0	0.000723900072390007	0	0	0	5.71000057100006e-05	0	0	0	3.67000036700004e-05	0	0	0	0	0	0.000101400010140001	0	0.0133241013324101	0.000128800012880001	0.000598100059810006	0.00098480009848001	0	0	0	0	1.65000016500002e-05	1.68000016800002e-05	0	0	0.000539500053950005	0	0.000377400037740004	0.000146000014600001	9.9000009900001e-06	0	0	0.000149300014930002	0.000156000015600002	0.000255800025580003	0.00287880028788003	0	0	0	0
DRR171676	0.471979873895727	0.359074153585993	0.028770013161038	0.0186015206621095	0.0256815308900247	0.000553912037527966	0	0.0041133745997968	0	0	0	0.000666755233903538	0.000194774559701454	0.00133901257401333	0.0211967141021583	0.00140383738895249	0	0.00515707412797619	0	0	0.00944221447970283	0	0	0.00028720994396655	8.30317845671323e-06	0.00315000582222875	9.4636226747599e-05	0.003414407035013	0.000204278197694077	0.000653250064124547	0	3.41130584787857e-05	0	3.5313518014696e-05	0.00035813709487992	0.0261320033308751	0.00983126340763244	0	0.00116684666890486	0	0	0	0	0	0	0	0	1.05040209392155e-05	3.84147051491311e-05	0	9.14350013185047e-05	0	0	0	0	0	7.44284912264415e-05	1.61061654401305e-05	0	0	0	0.000709871738901652	2.99114501030995e-05	0	0	0	1.26048251270586e-05	1.10042124125115e-06	3.5313518014696e-05	0	0	0.000717374611001091	0.000244893745325711	0	0	0	0	0	0	0	0	0	0	5.24200664014185e-05	0
DRR171686	0.593411540658846	0.225682277431772	0.0188244981175502	0.0112289988771001	0	0.000708599929140007	0	0.0128924987107501	0	0	5.36999946300005e-05	0.00212799978720002	0	0.0145565985443401	0.00448929955107005	0.00182619981738002	0	0	0	0	0.000844299915570008	0.000866199913380009	0	0.00713619928638007	0	0.0302600969739903	0	0.00285099971490003	0.000297199970280003	0	0	0	0.000227699977230002	0	0	0	0.00135039986496001	0	0.000194099980590002	0	0	0	0	0.0526419947358005	0	0	0	0	0	0.00117079988292001	0	0	0	0	0	0	0.000306899969310003	8.99999910000009e-07	0	0	2.54999974500003e-05	0	7.57999924200007e-05	0	0	0	8.97999910200009e-05	3.81999961800004e-05	0	0	0	0	0.00138039986196001	0	0	0	0	0	0	0	0	0	0	0	0.00646799935320006
DRR171689	0.507104255966686	0.364658664862768	0.00289321269812518	0.00101424104476166	0	0.00216032037204703	0	0	0	0	1.37561650462674e-05	0.0100408959741729	0.000318500405304819	0.0205667720736997	0.00249679416087945	0.00022903512752216	0	0.0035559184594782	0	0	0.00454445455349647	0	0	0	0	0.00789443217713603	0	0.000711404593816092	0	0	0	0	0	0	0.00022240806990863	0.0236438354156184	0.0147247195574812	0	0.000190176471515551	0	0	0	0	0.0197144923006142	0	0	0.000775365740783043	0	0	0.00113463259140746	0	0	0	0	0	0	0.000669232409002717	0	0	0	0	0	0	0	0	0	6.02459783048207e-06	9.73976649261269e-06	0	0	0	0	0.00786049360935765	0	0	0	0	0	0	0	0	0	0	0	0.00284622083504741
DRR171691	0.352707731038551	0.522407794872658	0.00399251138682077	0.00119234459479966	2.32378986889718e-05	0.00170387885602629	0.00911636788438264	0	0	0	1.20196027701578e-05	0.0179754161061275	0	0.000959665117840686	0.00143624236767745	0.000480082967311388	0	0.00434007823359116	0	0	0.0096185869534624	0	0	0.00266885263175713	0	0.0056420015403121	0	0.00154622173302439	0.0014432538026267	0	0	0	0	0	0	0.00117161078002114	0	0	0.00016777362200012	0	0	0	0	0.00482416773515927	0	0	0	2.42395322531517e-05	0	0	0	0	0	0	0.00247994454155282	0	0	0	0.0493611030229201	0	0.00011318459275232	0.000188206946709388	7.8127418006026e-05	5.75939299403397e-05	0	0	0	0.000430902759310159	0	0	1.47240133934434e-05	0	0.000646554465678074	0.000130212363343377	0	0	0	0.00248715630321491	0	0	0	0	0	0	0
DRR171694	0.336849225613088	0.274668321694861	0.0158863939246931	0.0033408981386785	0.00181347474393611	0.000705694227958003	2.11889888291651e-06	0	0	0	0.00044648226461455	0.00078439618646633	0	0.00218539194786136	0	0.000275154154938729	0	0.00640321152422688	0	0	0.0104389066966084	0	0	0.0100702182909809	0.00635901734752605	0.0215692807286752	0	0.000464644255039549	0.000694292533968976	0	0	0	0	0	0	0.0817683078917481	0	0	0	0	0	0	0	0.170692540910892	0	0	0	0	0	0	0	0	0	0	0	0	0	2.15925886163873e-05	0	0	0	0	0	0	0	0	0	0	0	0	0	0	0	0	0.000451224562114411	0.054091048883199	0	0	0	0	0	0	0	0	1.81619904249986e-05
DRR171698	0.260955964103637	0.622674411859194	0.0161992519390653	0.0151681576809071	0.000262449445475528	0.000431381272231688	0.000150228303012288	0.00071313435451239	0	0.00026464986003363	4.14078012297517e-05	0.00225442473361981	0	0.00209329437666056	0.00248116745194795	1.75032976212718e-05	0	0.000206438893087458	0	0	0.00657773924607396	0	0	0.0035655717537184	0	0.00125673676920732	0	0.00309208254835211	0	0	0	0	0	1.2802411974416e-05	0	0.00777256435112375	0	0	4.01075562636001e-05	0	0	0	0.000551103827961188	0.0204725570297444	0	0	0	0	0	0.000194236594174342	0	0	2.68050500714335e-05	0	0	0	0	0	0.0166110295179612	0	0	0	0	0	0	0	0	0	0	0	2.74051631327342e-05	0	0	0	0	0.0113025293965383	0	0	0	0	0	0	0	0	0
DRR171700	0.16194216676312	0.485094218727101	5.83224249724019e-05	0	0	0.000322223895087661	0	0	0	0	0.000102639464874244	0.0234754263014129	0	0.00262030750823692	0	0.00466689442090484	0	0.00732161516102942	0	0	0.00891602821284784	0	0	0.0025134664278415	0	0.00191283548524408	0	0	0	0	0	0	0	0	0	0.00440279287386	0	0	0	0	0	0	9.14351568177964e-05	0.291555603129403	0	0	0	0	0	0	0	0	0	0	0	0	0.000229388199762809	0	0	0	0	0	0.000285209663115468	0	0	5.3420540197706e-05	0	0	0	0	0	0	8.59330412543623e-05	0	0	0	0	0	0	0.000129149658043518	0	0.00359148092441544	0	0	0
DRR171705	0.41823450727592	0.387652309614733	0.0253249318476638	0.0104930182629449	0.00263083427425117	0.000483300226100454	4.51280335344316e-05	0	0	0	1.60099453780689e-06	0.0370006848254135	0	0.00581161017223899	0.0253435434091658	0.000781885707401438	0	0.00960576710252409	0	0	0.00230943462078643	0	0	0.0173786956457351	0	0.00119023937670081	0.000132982608796584	0.0004418744924347	0.000890152963020628	0	0	0	0	2.3014296480974e-05	0	0.0341528157291309	0.00222127985904844	0	8.87551346896692e-05	0	0	0	0	0	0	0	0	0	0	0	0	0	0	0	0	0	0	2.5916099080749e-05	0	0	0.000175108777572628	0	0	0	0	0.00304699279192234	0	0	0	0	0	0	0.00431878282789269	0	0	0	0	0	0	0	0	0	0	0	0.00857462655801784
DRR171710	0.730542529023949	0.168961689208182	0.0205312874839045	0.00250745846430265	0	0.0010625469190547	0	0	0	0	3.73649477521828e-05	0.00970757370461336	0	0	0.0247935962289652	0.00558390594531415	0	0.0124541477997054	0.000459198178273475	0	0	0	0	0.00052160665669066	0	0	0	0	0.00131839162832836	0	0	0	0	0	0	0.000309037168406124	0	0	0	0	0	0	0	0	0	0	0.000139041682252091	0	0	0	0	0	0	0	0	0	0	0	0	0	0.00217828629724187	0	1.43248995403811e-05	0	0	0	0	0.000238113889562838	4.46776587063634e-05	0	0	0	0	0	0.00012852339937279	0	0	0	0.0036615645314686	0	0	0	0	0	0.000643318215722569
DRR171711	0.204115148013323	0.644103985067404	0.0148089533805616	0.00111589347990499	0	0.00296602240731757	0	0	0	0	0	0.00632252731020936	0	0.00741154628862132	0.00377135495019292	0.00045415901963423	0	0.00699449012552598	0	0.00521495690352796	0.0137410930581759	0	0	0.00211466226673585	4.02114742489128e-05	0.0044581589081251	0	0	0.000349569075390798	0	0	0	0	0	0	0.000103787720318266	0	0	4.78326015379836e-05	0	0	0	0	0.00488153258463111	0	0	0	0	0	0	0	0	0	0.00225565312158365	0	0	0.000136678901250045	0	0.034777710769796	0	0	0	0	0	0	0	0.000886357159317059	0	0	0	0	0	2.8980339296598e-05	0.000135976955315526	0	0.00763657009963019	0	1.45403086436218e-05	0	1.73480923817005e-05	0	0	0	1.28355828026455e-05	0
DRR171712	0.455682901617321	0.242122475525116	0.0175324912542841	0.0160715360713508	0.000493022207609583	0.00722564127103204	0	0.00920894684549656	0.0123824621576385	0	0.0289499018020368	0.0385994917477179	0.000593149656577257	0.00693863669223364	0.000451139502851265	0.0015624204087114	0.00791541957568807	0.00197219173634683	0	0.00272103803248019	0.0122496106297687	0	0	0.00556669512015037	0.00208569695341913	0.00507562812480223	0.000115357523425244	0	0.000413578846249826	0	0.00051154527113906	5.56720964969285e-05	0.000724560501728048	0	0.00117014308552047	0.015429403202329	0.0149015987976474	0.00119936836353364	0.000322507117229896	0	0.000526569533779636	0	0.000114842993882758	0.0343508155035984	0	0	0	7.15196064054812e-05	0	0.000440025664733579	0	0.000423663625282541	0	0.00154574965153487	0.0017112223523982	0	0	6.78149936995858e-05	0.03202473034793	0.000358421279295383	2.31538294118464e-05	0	0	0	0.000647072352629735	0.000509487152969118	0.000218777961464824	0	0.00016259133542541	0	0	0	0.000549517551374489	0.000303160806432443	0	0	0	0	0	0	0	0.000540770549152235	0	0	0
DRR171713	0.345432984586983	0.30932905246813	0.10011898522671	0.073508842799842	0.02110648752307	0.00324078315005003	0	0	0	0	0.000388041008606281	0.00422259898374503	0	0.0714329835858453	0.000703799868550608	3.39385711861531e-05	0	0.0110058081009067	0	0	0	0	0	0.00993659293787389	0	0.000304145661544345	0	0.0196753610478309	0.000977410827405346	0	0	0	0	0.000180905599213506	0	0.0143151691897842	0	0	0	0	0	0	0	1.14129708413612e-05	0	0	0	0	0	0	0	0	0.000611194622688686	0	0	0	0.000444505180137226	2.02229834206576e-05	0	0	0	0	0	0	0	0	0	0	0	0	0.00969641998130876	0	0	0	0.000306147937130549	0	0	0	0	0	0.000889210587833072	0	0	0	0
DRR171714	0.186944841024271	0.751397085501633	0.0116593135499893	0.00327470041166519	0	0	0	0	0	0	0	0.000228814003417009	0	0.00206862659994792	0	0	0	0.01160611029395	0	0	0.019910618529854	0	0	0.000756446294513224	0	0.00124787637003385	0	5.86035865394962e-05	0	0	0	0	0	0.000264916212872228	0	0.00781467825830941	0	0	0	0	0	0	0	0	0	0	0	0	0	0	0	0	0	0	0	0	9.47057959947149e-05	0	0	0	0	0	3.62022155755932e-05	0	0	0	0	0	0	0	0.00247975176080776	0	0	0	0.000156709590626946	0	0	0	0	0	0	0	0	0	0
DRR171715	0.5428821424889	0.350208630314774	0.00705431507555535	0.00295515287008866	0.000249075709195773	0.00390614131706734	0	0	0	0	2.15831518030013e-05	0.0044337522033227	0	0	0.00170056824040235	0.00497476305586333	0	0.00763010446654632	0.000180746110122764	0	0.0230981663117892	0	0	0.0240785119368127	0	0.0016529011847616	0	0	0.00109030718041796	0	0	0	0	0	0	0.0230384290575098	0	0	0	0	0	0	0	0	0	0	0	0	0	0	0	0	0	0	0	0	0	0.000122440913308969	0	0	0	0	7.27280612887862e-05	0	0	0	0	0	0	0	0.000247439072092228	0	0	0	0.000274341294481751	0	0	0	0	0	0.000108120338652949	0	0	0	0
DRR171716	0.419658642935135	0.417430907868881	0.0281972158869243	0	0.00168820000368502	0.00412652197353675	0.000587900956262812	0	0.0154411370050557	0	6.08829469268932e-05	0.00514891488163474	0	0.00397521583405231	0.00787412771159428	0.00870926550332173	0	0.00803084121807551	0	0	0.00107947067084196	0	0	0.000764040929362163	0	0.00353771978944113	0	0	0.00132410395923406	0	0	0	0	0	0	0.0468814713165216	0.00441711788140162	0.00345801119445132	0.000638970533454779	0	0	0	0	0	0	0	0	0	0	0	0.000273272306189953	0.00128254734249942	0	0	0	0	0	0	0	7.99088678415473e-05	0.000926061666414323	0	0	0	0	0	2.67364257063824e-05	0.000245935061928371	0.00113464584149445	0	0	0	0.00953829497307131	0	0	0	0	0	0	0	0	0	0	0.00122637080758826	0
DRR171717	0.478865852113415	0.380105261989474	0.00145569985443001	0.0241942975805702	0.000135899986410001	0.00220629977937002	0	0	0	0	0	0.00334989966501003	0	0.00178309982169002	0.0265474973452503	0.000741599925840007	0	0.0101053989894601	0	0	0.0323204967679503	0	0	0	0	0.00194929980507002	0	0.000408699959130004	0	0	0	0	0	0	0	0.0295507970449203	0	0	0	0	0	0	0	0.00304049969595003	0	0	0.00122539987746001	0	0	0	0	0	0	0	0	0	0.00110959988904001	0	0	0	0	0	0.000409099959090004	0	0	0	0	0	0	0	0	0	0	0	0.000409499959050004	0	0	0	0	0	0	0	0	0	0
DRR171719	0.302191392306726	0.539889807190113	0.000313749674011686	0	0	0.00277789596505305	0	0	0	0	0.000299033272582293	0.0126937471812335	0	0.00760337396027873	0.0187885398276379	0.000598667214610684	0	0.0188210760893015	0	0	0.0447634889083884	0	0	0.0179593156573001	0	0.0062557720579586	0	0	0	0	0	0	0	0	0	0.0013182692110357	0	0	0	0	0	0	0	0	0	0	0	0	0	0	0	0	0	0	0	0	0	0	0	0	0	0	0	0	0	0	0	0	0	0	0.00915250046176464	0	0	0	0.000500657983322413	0.00751327354336408	0	0	0	0	0.00252461368194853	0.006034825813369	0	0	0
DRR171720	0.262296553055059	0.62318866151869	0.00205103034480339	0.0123323971848192	3.0651520244825e-05	0.00331187659697949	0	0	0.00457544518812471	0	9.84075123649644e-05	0.00509964668073276	0	0.00293044665919603	0.00672810952110831	0.00196633535465321	0	0.00478788845508473	0	0	0.0304990692625547	0	0	0.0113959125794444	0	0.00127657532177542	0	0	0.000461890178426129	0	0	0	5.52533983360661e-05	0.00364148126698059	0	0.000988914837372511	0.000787764235765847	0	0.000116959748302622	0	0	0	0	0	0	0	0	0	0	0	0	0	4.33557687673511e-05	0	0	0	0.000180178508807573	0	0	0	0.000666973047432623	0.000318211177278512	0.000485282128086653	0	0	0	0	0.00021526643329836	0	0	0.012061070734231	0	0.00202844501409667	0	0	0	0.00173856632757078	0	0	0.000507161667208782	0	0	0	0	0
DRR171721	0.527808103658614	0.321682985875208	0.0147280598290615	0.00295532915941467	0.00554080389841786	0.00546206457706265	0	0	0.00553629592200439	0	0	0.00809542404330222	0	0.0204616047634685	0	4.75841954754743e-05	0	0	0	0	0.0130944693540751	0	0	0	0	0.0163786804371655	0.0015987287907223	0.000398404937696761	0	0	0	0	0	0	0	0.0298601345220233	0	0	0	0	0	0	0.00168387945630999	0.0136054735248549	0	0	0	0	0	0	0	0	0	0	0	0	0.000176812852661499	0.000271079648329755	0	0	0	0	0	0	0	0	0	0	0	0	0.00191749281178117	0	0	0	0	0	0	0.008310604784105	0	0	0	0	0	0	0
DRR171722	0.247931245635064	0.680684121739931	0.000289661631190204	0.00109471084865355	0.000427538566520118	0.00022052305186294	0	0	0	0	0	0.0023548139862043	0	0.000667072226302277	0.0121142597569444	0.000594831916209245	0	0.00615423406260694	0	0	0.0209378833389031	0	0	0.00875668623091685	0	0.00348424420826821	0	0.000161890334806822	0.000525793392713134	0	0	0	0	0	0	0.00398362286155675	0.00255992844006956	0	7.88439949491816e-05	0	0	0	0	0.000955032908362866	0	0	0	0	0	0	0	0	0	0	0	0	0.000506582673131608	0	0	0	2.54141811130611e-05	0	8.63481822857154e-05	0	0	0	0	0	0	0	0	0	0	0	0	0	0	0	0	0	0	0	0	0	0.000758323144314528
DRR171723	0.119938023212895	0.353086484198349	0.0101872293778131	0.160577039328399	0.0341306334590449	0.00145401846603452	0	0	0	0	0.000101301286526339	0.0246771133993402	0	0	0	0	0	0	0	0	0	0	0	0.00140751787547702	0	0	0	6.47008217004356e-05	0	0	0	0	0	0	0	0.290640691136777	0	0	0	0	0	0	0	0	0	0	0	0	0	0	0	0	0	0	0	0	0	6.69008496407904e-05	0	0	0	0	0	0	0	0	0	0	0	0	0	0	0	0	0	0	0	0	0	0	0	0	0	0	0
DRR171724	0.322331544886775	0.553794968912635	0.00619086887097831	0.0008171278805133	0.00620957179798638	0.00207842527355531	0	0	0	0	4.20065740288355e-05	0.00601934202702723	0	0.0520391441260557	0	0.0017499738709108	0	0	0	0	0.0260344743952429	0	0	0.00686077371108579	0	0.00119148646763218	0	0.00230196025678019	3.23050557412235e-05	0	0	0	0	0	0	0.00964800991355147	0	0	5.48085775423854e-05	0	0	0	0	0	0	0	0	0	0	0	0	0	0	0	0	0	0.000510379874450351	3.81059635833008e-05	0	0	0.000259140555496935	0	0	0	0	0	7.12111445441212e-05	0	0	0	0	0	0.000168226327420241	0	0.000518981220561018	0	0	0.000326051026985723	0	0	0	0	0	0	0
DRR171725	0.433139463411587	0.421424037048905	0.00776043965345248	0.00413071911230953	0	0.00214425776235417	3.80887891997122e-05	0	0.008582875360987	0	0.000527096445247869	0.00540367063072214	0.000264303952568373	0.00485279388322259	0.00105923109012533	0.00277020368433463	0.00055903863089948	0.00708935146279088	0	0	0.0110764818856571	0.000173112539272766	0.000226013635383478	0.00371456382290527	0	0.00220239858607966	8.44402257919546e-05	0.000621109250336048	0.000122831306969442	0.00024979393763515	0	0	0	0	0.00116090195865049	0.0148964448448134	0.000491728283848137	8.16188339993833e-06	1.41069589628564e-05	0	0	6.68065270883841e-05	0.000671793538609739	0.0366933086663079	0	0.000218254807953906	0	2.48887061701823e-05	0	0.000106809832147341	0	0	1.95482145628153e-05	0.000236291562627844	0.000141371881606339	0.000487798488137055	6.24736754069354e-05	0	0	0	0	0	0	0	0	0.000459584570211342	4.0607889014508e-05	0	0	0	0	0.000299369821990331	5.99545755921396e-05	0	0	0	0	0	0.00480573709868221	0.000119203803236136	0	0.00158491683947691	1.00763992591831e-06	1.29985550443462e-05	0
DRR171726	0.509711914225373	0.409230523340389	0.00660890862864617	0.00130634303461582	0.000406928425038856	0.00364361172256188	0	0	0.0227082789779546	0	0.000437463173128696	0.0153977765664653	0	0.00169442658212069	0	0.00583243920939793	0	0	0	0	0.00645814960837422	0	0	0.00403018364887418	0	0.00217310662643336	0	0.000173937211891299	0.00184710032256989	0	0	0	0	0	0	0	0	0	0	0	0	0	0	0	0	0.000107224329926038	0.00126532771292419	0	0	0	0	0	0	0	0	0	0.00165069034228243	0.00448084831375129	0	0	0	0	0.000134332736646061	0	0	0	0	0	0	0	0	0	0	0	0.000153379163672397	0	0	0	0	0	0	0	0	0	0
DRR171727	0.135458210019471	0.613266870033877	0.0124945692706336	3.50760928831113e-05	0.119801030610411	0.000470747448290056	7.87443122649674e-05	0	0.0038830346743857	0	2.4260121878809e-06	0.0100834164074035	0	0.00448620195459759	0.00598618507359611	0.000355714037048036	0	0.0157609925139329	0	0	0.0334391411593387	0	0	0.00671924508970079	0	0.00166848988221509	0	0	0.0011080810668146	0	0	0	0	5.65058672093926e-05	0	0.0147813890092348	0.00360717687185541	0.000353490192542479	2.02167682323408e-05	0	0	0	0	0.00804202823514285	4.63974830932222e-05	0	0	0	0	0	0	0	0	0	1.93070136618855e-05	0	0.000647745254164199	0	0.000176088051303688	0	0	0	0	0	0	0	0	7.07586888131928e-06	0.000586993865626015	0	0.00135816248984866	0	0.000419700108503395	0	0	0	0	0.000209243551204727	0	9.24917146629592e-05	0	0	0	0	0
DRR171729	0.262103984457807	0.497173070427028	0.00146563168087907	0.0139647386200779	0.137187800617421	0.000566600274890692	0	0	0.0079787519331098	0	0.00011516183476078	0.00346902257961296	0	0.00278361738907274	0.00239664124133529	8.98626619222959e-05	0	0	0	0	0.0188966605699033	0	0	0.00468065056519364	0	0.00821109953645844	0	0.000414906434551141	0.000184582765029581	0	0	0	0	0	0	0.011390092398651	0	0	0.000119715685871707	0	0	0	0	0	0	0	0	0	0	0	0	0	0	0	0	0	0.00151724199346958	2.75255000482708e-05	0	0	0.000336580195443194	0	0	0.000351354912380869	0	0	0	5.14079192077999e-05	0.00203213075907841	0	0	0	0	0	0.000993144328947536	0	0	2.50967794557763e-05	0	0	0	0	0	0	0
DRR171733	0.253359118067673	0.601610952484633	0.00269105495014792	0.0177812453462612	0	0.000396252265673842	0.00959066500871465	0	0	0	0	0.000786903792610245	0.00126226649295042	0.00755639668872324	0.00520998719731133	0.00010841429984615	0	0.0247062587555299	0	0	0.0281036068657456	0	0	0.0321555413158996	0	0.00776372403520024	0	0.000198126132836921	0.000366848387302285	0	0	0	0	0	0	0.000775902341518846	0	0	0	0	0	0	0	0.000147419444624746	0	0	0.000766401088303547	0.000821508356952282	0	0.00011031455048921	0	0	0	0	0	0	0.00171942679239392	6.25082448374941e-05	0	0	0	0	3.92051711620763e-05	0	0	0	0	0	0	0	0	0	0.00124566430312158	0	0	0	0	0	0	0	0.000664287619537017	0	0	0	0
DRR171736	0.441783639635747	0.253302370562165	0.0101734105202416	0.0260924352729569	0.000853476386136559	0.00105059402816552	0	0	0	7.50067131008225e-05	0	0.00811672644701701	0	0.00201778059136293	0.00118930644292664	0.00250172390428943	0.00019331730189852	0.0078149994424501	0	0	0.0100956035565183	0	5.00044754005483e-06	0.0457602955464514	0	0.00131201742555959	0	0	0	0	0	0	0	0	0	0.181194316891362	0	6.19055405458789e-05	4.05036250744442e-05	0	0	0	0.000129911627090625	0.00102599182626845	5.06045291053549e-05	0	0	0.000372333323832483	0	0	0	0	0	0.00276804774027275	0	0	0	0.000361232330293561	0.000559150043928932	0	0	9.79087628342737e-05	0	0	0	0	0	0	0	0	0	0	0	0	9.15081899830035e-05	0	0	3.54031685835882e-05	0	0	0	0.000404936241793641	0	0	0
DRR171737	0.341128081678342	0.413138107042963	0.000361351030560931	0.0678019019813064	0.00368245820371412	0.00686126652185273	0	0	0	0	0	0.0079136976457545	0	0.00911002873696357	0.00368475980263489	0.00106203779765803	0	0.0305020898017853	0	0	0.0414343844668891	0	0	0.0243083870364742	0	0.00902917256618173	0	0	0	0	0	0	0	0	0	0.038667762494605	0	0	0	0	0	0	0	0	0.000448711720031906	0	0	0	0	0	0	0	0	0	0	0	0	0	0	0	0	0	0	0	0	0	0	0	0	2.30159892077026e-06	0.000863499873362025	0	0	0	0	0	0	0	0	0	0	0	0	0	0
DRR171741	0.277223455444691	0.415365983073197	0.0201717040343408	0.0170626034125207	0.135717427143485	0.00145700029140006	0	0	0.00475460095092019	0	0.0136590027318005	0.00543910108782022	0.000735600147120029	0.00156650031330006	0.00144970028994006	0.00138300027660006	0	0.00870910174182035	0	0	0.00830090166018033	0	0	0.00389920077984016	0	0.0025502005100401	0	3.20000064000013e-05	0.000579300115860023	0	0	0	0	0	0.0168838033767607	0.000557200111440022	0.00791270158254032	0	0.000197300039460008	0	0	0	0.000118900023780005	0	0	0	0	0	0	0.000884200176840035	0	0	0	0	1.88000037600008e-05	0	0	0	0.048870309774062	0	9.60000192000038e-05	0	0	0	0	0	0	0	0	0	0	0	0	0	1.51000030200006e-05	0	0	0.00075060015012003	0	0.00049860009972002	0	0	0	0.000173800034760007	0
DRR171745	0.358377998244183	0.328345231401928	0.0556674779426213	0.00583299466184294	0.00429940869860614	0.000640654960283799	0	0	0	0	0.00753202723980365	0.00608687309303247	0	0.00136273128725679	0	0.00364523358518207	0	0.0478571358466931	0	0	0.0144039705585145	0	0	0.0106574860487042	0	0	0	0.000229141558406961	0	0	0	0	0	0	0	5.83870317094661e-05	0	0	0	0	0	0	0	0.137732103473438	0	0.00115351943607141	0	0	0	0	0	0	0	0	0	0	0	0.0119113550658612	0	0	0	0	0.00103414149130694	0	0	0	0	0	0	1.80268708536945e-06	0.00218956376374624	0	0	0	0	0	0	0	0	0	0	0	0	0	0
DRR171747	0.664860998985566	0.142562562903219	0.00416718396719191	3.34013334064381e-05	6.11307422721604e-05	0.00229198269264744	0.00156335046044473	0	0.00701690590634308	0	0.000163855597842904	0.0467596610205809	0	0.0142579578676841	0.00123154287481285	0.012800588367639	5.88199582000169e-06	0	0	0	0.00647649754038043	0	0	0.00560102548395696	1.8591308216791e-05	0.0392736659475927	0	0.000833037658007739	0	0	0	0	0	0	0	0.01988870843766	0	0	0	0	0	0	0	0.00174264629731514	0	0	0	0	0	0	0	0	0.00153551601593937	0	0	0	0.000207865530853274	0.000581162194144095	0	0	0	0	4.85264655150139e-05	0	0	0.00385543818873182	0	0	0	0	0	0	0	0	0	0	0	0	0.016976280221642	0	0	0	0	3.43466541632241e-05	0
DRR171751	0.537469015605098	0.26471427912418	0.00906013676912927	0.0469472809733125	0.000213142016525611	0.00103829181383556	0	0.00878045041411092	0	0	0	0.00178649033851255	0	0.067734831718374	0.00328398812128521	7.38492057257751e-05	0	0.0110151393873738	0	0	0.00672087812109208	0	0	0.00751190518242305	0	0.0131584674868865	0	0.00232094644661738	0.000114376208867969	0	0	0	0	2.44162685597414e-05	0	0.0152001278451832	0	0	4.56304035378773e-05	0	0	0	0	0.00029829875646143	0	0	0.000866677467196393	0.000141994611009316	0	0.000462908435890834	0	0	5.40360041895915e-05	0	0	0	0.000353835760767399	0	0	0	0.000155503612056713	0	0	0	0	0	0.000248965885969822	0	0	0	0	0	0	0	0	0	0	0	0	0	0	0	0	0	0
DRR171752	0.454265370734208	0.420629787014221	0.0254668425060277	0.0230319496325363	0.00176364013709981	0.000570761570684992	0	0	0	0	7.88996903439391e-05	0.0132657419259737	0	0.00306064208002991	0.00280144348093326	0.000325688235844291	0	0.0198311647521384	0	0	0.0109051075845707	0	0	0.00678093400081261	0	0.00429347496534013	0	0.00114424729947649	0.000426381191040264	0	0	0	0	0	0	0.00313500150686301	0.00489147811709017	0	0.000206632437115585	0	0	0	0	0.000755802532437913	0	0	0	0	0	0.000262528125671265	0	0	0	0	3.19836340652541e-05	0	7.56710585140081e-05	0	0.00112376566630536	0	0	0	0	0	0	0	0	0	0	0	0	0	0	0	0	0	0	0	0	0	0	0	0	0	0
DRR171754	0.0214724042944809	0.827426265485253	0.000136200027240005	0.0230392046078409	0.0528553105710621	9.78000195600039e-05	0	0	0	0	0	0	0	0.000445300089060018	0	0.00025580005116001	0	0.00705500141100028	0	0	0.0389701077940216	0	0	0.0024865004973001	0	0.000604200120840024	0	0.000195900039180008	0	0	0	0	0	0	0	0.00671510134302027	0	0	0	0	0	0	0	0	0	0	0.000157600031520006	0	0	0	0	0	0	0	0.000292700058540012	0	3.07000061400012e-05	0	0.0171568034313607	0	0	0	0	0	0	0	0	0	0	0	1.52000030400006e-05	0	0	0	0	0	0	0	0	0	0.000591900118380024	0	0	0	0
DRR171755	0.307671101468281	0.510126522134246	0.00661204063392606	0.000538758125509837	0	0.000674097847718305	0	0	0	0	4.61135343223236e-05	0.0115507901569111	2.14062827439854e-05	0.00507809041953813	0.00452132700947728	0.00266128108599874	0	0.0144942540635677	0	0	0.0174685270126782	0	0	0.00233758608151492	0	0.00755961874810257	0	4.32126829224377e-05	0	0	0	0	0	0	0	0.00429426036541725	0.000806636747885504	0	0.000157246151745537	0	0	0	0	0.0127358379684437	0	0	0	0	0	0	0	0	0	7.61223419073498e-05	0	0	0.000957481020679569	0	0.0172628666513622	0	0	0	0	0	0	0	0.000256775363569208	1.61047267372974e-05	0	0	0	0	0.00231337897672967	0	0	0	0	5.14150903290116e-05	0	0	0	0	0	0	0
DRR171756	0.243397520247605	0.312279564806436	0.0127147341965543	0	0.00104864098706619	0.00198658593678863	0.00282924567147269	0.0403523820497965	0	0	8.05794630345742e-07	0.00367794886588435	1.8029654853986e-05	0.00468529287814532	3.22317852138297e-05	0.00808957374269849	0.00158207703235507	0.0125373586535494	0	0	0.0100639720357031	0	0.00439047276776757	0.0346532988023474	0.0017627764782101	0.00638985069431294	0	0.00347126254320066	0.000697616701221826	0.000839134383176297	0.000138798125077054	0.000469778269491568	2.08499360601961e-05	0.000414883510299264	0	0.0543566898278903	0	0.00441162487681415	0.000447417468499473	0.000427977673042382	0.00437526339411979	0	5.79164890561002e-05	0.00205044516124353	0.00029925198084465	0	0	3.10230932683111e-05	0	0.00211702394257585	8.96446526259638e-05	0.000512183211913512	0	0	0.000235896378033716	0.000477836215795025	0.000380737962838363	0	0	0.000327051895591578	0.000565365657516331	0.000455173241816551	0	0	0	0.000707991307087528	0.000455676863460517	3.85774179278024e-05	0.00142696156601352	0	0	0.00037469450311077	0.000482469534919513	0	0	0	0	0.000106062718219258	0.000174152364483474	0.00338071137161556	0	0	0	9.87098422173534e-06	0.0103624182219175
DRR171762	0.0970334497615454	0.675402505789438	0.00828017061623339	0.0564464287807254	0	4.11724511623103e-05	0	0	0	0	0.00170710399089277	0.00721028794369452	0.000234913377069629	0.00372535550808758	0.000528129349215815	0.00017150179170286	0	0.016642485782231	0	0	0.00211932938391688	0	0	0.00337694240555105	0	0.000799607068558542	0	0	0	0	0	0	0	0	0	0.00378666339157015	0	0	0	0	0	0	0.000151266183102405	0.0194703619960044	0	0	0	1.25220350250336e-05	0	0.000109693026819294	0	0	0	2.88507686976773e-05	0.000199150445038134	0.000434965408629565	1.06186857012285e-05	0	0.0306512369817167	0	0	0	0	0	0	0	0	0	0	0	0	0	0	0	0	0.00280423461164611	4.30758004861154e-05	0	0	0	0	0	0	0.000551871127623279	0
DRR171763	0.542031589655448	0.231177522442507	0.0498639288311195	0.0651556791729868	0.00597996320376897	0.000893925958822941	0.000165189588090251	0	0.00438803614908831	0	6.50746862173717e-06	0.00873963047389489	0.000114431332840701	0.00177173341844435	0.0137260533914774	9.48088120736169e-05	0	0.00957859335158962	0	0	0.0143096231544944	0	0	0.00702296025148062	0	0.0018187874223246	0	0.022713968822017	7.13819250353631e-05	0	0	0	0	0.000213244740989233	0	0.0130103319579882	0.00189467451794424	0	1.42163160659489e-05	0	0	0	0.000510686114453558	0	0	3.2437228206813e-05	0.000704208219773834	0.000190919117871581	0	0	0	0	4.28491780015924e-05	0	0	0	0.000502276462696237	0.00140911724386078	0	0	0	0	0	0	0	0	0	0	0	0	0.00157971303665217	0	0	0	0	0	0	0	0	0	0	0.000185512913170446	0	0	0
DRR171765	0.37115229513151	0.26356426110963	0.00654024364522259	0.00290269296671798	0.294695460489311	0.00104447696019366	0	0.00743096206498521	0	0	0	0.0031562544139262	0.00128622622786355	0	0.00184700444628456	0.00139884234634331	0.00152447188295852	0.0058233044091763	0	0	0.0122979804476396	7.0272457931373e-05	0.000251559382879687	0.015847240089256	0	2.76284877337022e-05	6.01620330723008e-05	0.000757581141915429	0.000147151728146892	0.000126230155913763	0.000122726543338837	0	0	0	0	0.000726248835173948	0.000787111590761234	0	0	0	0	0.000112516015263338	1.56161017625273e-05	0.000580598655273452	0	0	0	2.46253912409085e-05	0	0.00084627259166927	0	0	0	0.000706328295105083	0	0	0	0	0	0	0	4.02414930034358e-05	0.000221428314735324	0	0	0	0	0	0	0	5.44561497359928e-05	0.000588406706154716	0	0	0.000430944346715899	0	0	0	0	0	0	0	0	0	0
DRR171770	0.366734463804501	0.458619060115436	0.0116488917020669	0.000110350120527305	0.000591545678300466	0.000775090312995376	0	0.0052256416321463	0	0	6.39563716027619e-06	0.0066782634119303	0.000162631916361309	0.00129232477857644	0.00112492151385747	0.000356226838022367	0	0.011222008301131	0	0	0.00493966528483681	0	0	0.0034711051711772	3.27903302026859e-05	0.0856975787437446	0	0	0.000384550374017876	0	0.000342318865150021	0	0	0	0	0	0.0017928087658806	0.000370845437245856	0.00019917841442003	0	0	0	7.94886332777184e-05	0.000257957365464473	0	0	0	2.15218266345802e-05	0	0.00202437143830266	0	0	0	0.00053885781026581	6.73064672581447e-05	0.000187097766450619	0	0	0.0235143214051316	0	0	0	0	9.91831350093625e-05	0.000449724962222596	8.73055231402782e-06	0	0	2.1318790534254e-06	0	0	0.00150865974347404	0.000634081741318811	0	0	0	0.000261713533320508	0	0	0	0	0	0	0	0
DRR171771	0.312254209592047	0.482908864875974	0.00871627843250246	0.000489112585556923	0.11412543042915	0.000474101715268977	0	0	0	0	0	0.0304255229122297	0	0.00190355969188426	0.000295482433251999	0.00219440789672521	0	6.1151666206602e-05	0	0	0.0118919338232183	0	0	0.0076575587287707	0	0.00794750023674863	0	0.000240576900990717	0	0	0	0	0	0	0	0.00605099263157683	0.001368004078121	0	0	0	0	0	0	0.00259607460704765	0	0	0	0	0	0	0	0	0	0	0	0	0	0.00119734357967951	0	0	0	0	4.10028470281499e-05	0	0	0	0	0	0	0	0	0	0	0	2.81076027539406e-05	0	0	5.56107409325277e-05	0	0	0	0	0	0	0.0010700030424717
DRR171772	0.390388563957806	0.442551057910855	0.00155347027865874	0.00476090946145963	0.0735287221664899	0.0109443303745523	0	0	0	0	0	0.0368639579264458	0	0	0	0.000783849199558006	0	0	0.000182560813191191	0	0.00413687612196746	0	0	0.00094376525765523	0	0.00119275736565749	0	0	0	0	0	0	0	0	0	0.0221744255346266	0	0	0	0	0	0	0	0	0	0.0010603957661923	0	0	0	0	0	0	0	0	0	0	0	4.5089114125157e-05	0	0	0	0	0	0	0	0	0	0	0	0	0.000898175153373127	0	0	0	0	0	0	0.00798127419030973	0	0	0	0	0	0	0
DRR171773	0.487819157068788	0.368038189860527	0.013342160488209	0.00668985396845994	0	0.0090269073027585	0	0	0	0	1.10139182885412e-06	0.019336936086132	0.000837057789929133	8.61088157104133e-06	0.00114694939995673	0.0008450679123208	0	0.00963797951471274	0	3.39428936346862e-05	0.0114475662895201	0	0	0.00415495061108723	0	0.00606065885459455	0	0.000958411144162879	0	0	0	0	0	0	0	0.0348108905223531	0.000562510844954769	0	0	0	0	0	0.000672549901310286	0.000972028352228711	0	0	0	0	0	0.000805918439131531	0	0	0.00039179511148238	0	0	0	0.000151391313202494	0.000236598990143845	0.018861234942597	0	0.000162605484550827	0	7.29922402940596e-05	0	0	0	0	0	0	0	0	0	0	0	0	0	0	2.70341630718739e-05	0	0	0	0	0	0	0
DRR171775	0.221956189092448	0.277609344675843	0.0804021515220645	0.0457319165516255	0.00954873921636579	0.00593154359094431	0	0	0	0	8.08518964578754e-05	0.22236966589131	0	0.00853092705265382	0.000313689328140778	0.000157596075747507	0	0.0144045618503482	0.000673465239144781	0	0.0304153413017035	0	0	0.0293329077337594	0	0	0	0.000305774458475137	0	0	0	0	0	0	0	0.0471134119670625	0	0	0	0	0	0	0	0	3.81717131975843e-05	0	0.000847692560012496	0	0	0	0	0	0	0.00273383605780179	0	0	0	0.000124634150177939	0	0	0	0	0	0	0	0	0	0	0	0	0	0	0	0	0	0	0	0	0	0	0	0	0	0	0
DRR171777	0.503958757173671	0.31657825162032	0.0025655645383125	0.00112992947750571	0.0140341285148635	0.000561160936472097	0.00224474384594841	0	0	0	0	0.00318168040773557	0.000157657594531494	0.00411851686946271	0.000691691414738172	0.000312412287322407	0	0.00612031786974259	0	0	0.00604854612670826	0	0	0.0221791702986305	0	0.00432011839034299	0	1.03103061820596e-05	0.000589589353517776	0	0	0	0	0	0	0.0274920810842518	0.000267867760613509	0	1.21121072624195e-05	0	0	0	0	0.0804353031290077	0	0	0	0	0	0	0	0	0.000357757614511466	0	0	0	0	3.88388232877584e-05	0	0	0	0	0	0	0	0.000125024974964975	0	0	0	0	0	0	0.00205305223101012	0	0	0	0	0	0	0.000213012927722551	0	0	0	1.66166099633193e-05	0.000185785711397113
DRR171779	0.453370574465161	0.301562255278777	0.00812381946232191	0.000432159551586209	0	0.00080431083403293	0.0212437273856337	0.0334583105551945	0	0	0	0.00620275473960312	0.000520671748566953	0.039708271799854	0.000642288507356314	0.00169593369966381	0	0.0176658343519737	0	0	0.0188395960963421	0	0	0.0062867663163984	0.000402055403234566	0.00725139924281566	0	0.000891922906976581	0.000369650937899242	0	0.000277738272333928	0	0.000458163134879986	0	0	0.00227961413082723	0.00170053433363117	0	0.000270937335164786	0	0	0.000545675194041739	0.000900124037092311	0	0	0	0	0	0	0.00193316639032859	0	0.000147820369646937	0.000121016676097966	0	0	0.000335746265835432	0	0	0	0.00016502274013359	0	0	0	0	0	0.00392484084306817	0.000191726419900662	0	0	0	0	0.00304982026523255	0.00187805879650216	7.73106534080396e-05	0	0	0	0	0	0.000411956767642581	5.37074008798412e-05	0.00281728822231704	0	0	0
DRR171782	0.526609946271116	0.305204568248678	0.0921418975194386	0.00565656391442927	0.00198763379326403	0.00262256958071977	0	0	0	0	9.63634383678099e-05	0.0151755870197947	0	0.00229036138996789	0.000698108488987193	0.0027110113628638	0	0	0.000223711582724853	0	0.0146115450418354	0	0	0.00521866679127398	0	0.00202102507835922	0	0.000558326352582691	0.000851929003509795	0	0	0	0	8.07206741790708e-05	0	0.0196128175205376	0	0	0	0	0	0	0	0	0	0.000434487802755172	1.03282353297445e-05	0	0	0	0	0	0	0	0	0	0	0.00102440050610359	0	0	0	0	0	0	0	0	0	0	0	0	6.91891492963464e-06	0	0	0	0.000150511468251907	0	0	0	0	0	0	0	0	0	0
DRR171783	0.144523208178457	0.708633384503569	0.000489647103315027	0.0450465108502137	3.06796430648513e-06	0.00200757357668699	0	0	0	0	2.05553608534504e-05	0.00132556511135534	0	0	0	0.000771286226650363	0	0.0027589180353452	0	0	0.0645389243369439	0	0	0.0087546406795091	0	0	0	1.52375560555428e-05	0	0	0	0	0	0	0	0.0184838713537116	0	0	0	0	0	0	0	0	0	0	0	0	0	0	0	0	0	0	0	0	0.000675872536718675	6.79042766502043e-05	0	0	0	0	0	0	0	0	0	0	0	0	0.000303114873480731	0	0	0	0.000203508298996847	0	0	0	0	0	0.00137720917718118	0	0	0	0
DRR171786	0.25307489316355	0.639574670850718	0.00961177243665688	0	0.000326753755563333	0.00175414646506561	0.000239853293577625	0	0.00521563141855633	0	4.01927165585573e-05	0.00583225384316541	0	0	0	0.0119969746210559	0	0.0238063164106962	0	0	0.0227452687860356	0	0	0.0134366957698018	0	0.000915612134070875	0	0.00138299028198248	0.000317632715147302	0	0	0	0	0	0	0.00472078991818327	0	0	0.000287663582351769	0	0	0	0	0	0	0	0	0	0	0	0	0	0	0	0	0	0	0.000119074681475227	0	0	0	0	0.000110354565912647	0	0	0	0	0	0	0	0.00163537247723048	0	0	4.59058957202475e-05	0.00015175005703156	0	0	0	0	0	0	0.00105693814491268	0	0	0
DRR171787	0.230844290139754	0.574864710042659	0.0248433284689753	0.000957670484547663	0	4.49033048832394e-05	0	0	0	0	1.15008464622996e-05	0.0147972890804763	0	0.00676499790384572	0	0.00372117387839745	0	0.019020999945596	0	0	0.00792348316836119	0	0	0.0119793816824918	1.14008391017579e-05	0.00517408081234779	0	0	0.00137240100871424	0	0	0	0	0	0	0.00728083586952	0	0	0.000424331230778585	0	0	0	0	0	0	0	0	0	0	0	0	0	0	0	0	0	0	0	0	0	0.000920867775868304	0	0	9.36068894670648e-05	0	0	0	5.76042396720399e-05	0	0	0.0641545217728025	0	0	0	0.000342025173052737	0	0	0.000120908898894959	0	0	0.00313143047328283	0.00406479916921885	0	0.000186913756852504	0.0131395670721365
DRR171788	0.192723160360534	0.612634543804354	0.00828352142640803	0.114664815655285	0	0.00117140707040114	0.00886237163697387	0	0	0	3.58009495843868e-05	0.00183464523355875	0	0.00421643126519431	0	0.00389984858244094	0	0.00583698682023842	0	0	0	0	0	0	0	0.00239641327675147	0	0	0.000897478661866884	0	0	0	0.000196700645859359	0	0	0.004481153715264	0.00910182884547973	0	0.000233319902862818	0	1.47295335432906e-05	0	0	0.0216573241531516	0.000628971539983984	0	0.000311877415093701	0	0	0	0	0	0	0	4.39840237751038e-06	0	0.000778005778682417	0	0	0.000240889246489231	0.000210816448838346	0	0	0	0	0.00215010274361089	0	0	4.5927503895399e-05	0	0.000482596800397534	0	0.000987492477964771	0	7.5693436264132e-06	0	0	0.000335915195528932	0	0	0	0	0	0	0
DRR171791	0.546284088220075	0.189338425612859	0.0357501916570525	0.0296018314085443	0.0033202849182913	0.00258653081641945	0.000105838591937805	0	0	0	2.3352643865065e-05	0.00418934403826546	0	0.0439338400556374	0.00598298744860539	0.00028063263013812	0	0.00678319134825637	0	0	0.00337751392965161	0	0	0.0175159862878888	0	0.0105364523244751	0	0.00463665240551776	0.000298773525157763	0	0	0	0	0.000102631361879084	0	0.051292628973495	0	0	0	0	0	0	0.00104174841344844	0	0	0	0	0	0	0.00059564275746816	0	0	0.000423655045569227	0	0	0	0	0.000153846816879291	0	0	0	0	0	0	0	0	0	0	0	0	4.61039320941198e-06	0	0.00123227792412435	0	0.000201654589942106	0.0387969599868985	0	0	0	0.00157595267010422	3.24732043445539e-05	0	0	0	0
DRR171793	0.280221468794636	0.554644040812744	0.000581111688676836	8.66516908037409e-05	0	0.00068755793821896	0.104647772491037	0	0	0	1.12101837753091e-05	0.00243321583512183	0.000346404777921715	0.00434672351071446	0.00119332911251399	0.00160315727251583	0.00374985696916422	0.00163961561794724	0	0	0.00873495499919155	0	0	0.010102395434486	0	0.0133488040602276	0	0	0	0	0	0	0	0	0	0.00110445558348451	0	0	0.000303482903106342	0	2.00975366782569e-05	0	0.000110182977467228	0.000310249410430177	0	0	0.000313178197182285	1.11091911286847e-06	0	0.000423260182002888	0.000185422499202411	0	0	0	0	0	0.00053354415211674	0	0	0	0	2.29253307837403e-05	0	0	0	0	0.000152296911109605	8.33189334651355e-05	0	0	0	0	0	3.91851468902698e-05	0	0	0	0	0	0	0	0	0	0.000311966285422792	0.00338840428689547
DRR171796	0.487854731876012	0.348193012509624	0.00782498077779737	0.0012106346616365	0.0112970805856004	0.00125663737258228	0	0	0	0	0	0.0400603258257512	0	0.00185748500768637	0.00623216202194972	0.000175473222756075	0	0.0102418306266564	0	0	0.0171223496336607	0	0	0.00490812766455386	0	0.00648788888236012	0	0.00725275928378399	8.81886030794697e-05	0	0	0	0	0	0	0.0100262808063733	0.00177100392881231	0	0.000136300608631937	0	0	0	0	0.000206610428854748	0	0	0	0	0	0.000588392752664617	0	0	2.8224370689443e-05	0	9.63244537052522e-05	0	0.000408098285093263	0.000182202876977401	0.0291828944242806	0	0	0.000144235574057083	9.72284371081169e-05	0	0	0	1.40619640445624e-05	0	0	6.72965422132627e-06	0.000853962987906209	0	0.000245682600378568	1.4262849245199e-05	0	0	0.00133528392863151	0.00110386417749815	0	0	0	0	0	0	0
DRR171798	0.155670631651969	0.715837764437493	0.0111560524334464	0.0269952268775663	0.0340237599116716	0.00716403367095825	0	0	0	0	0	0.00844653969873659	0	0	0	0.000724803406576011	0	0.0240529130486913	0	0	0	0	0	0.000502002359411089	0	0	0	0.000231301087115109	0	0	0	0	0	0	0	0	0	0	0	0	0	0	0	0	0	0	0	0	0	0	0	0	0	0	0	0	0	0.000272701281696024	0	0	0	0	3.7300175310824e-05	0	0	0	0	0	0	0	0.0094520444246088	0	0	0	0	0	0	0	0	0	0	0	0	0	0
DRR171801	0.269453362940165	0.587885221094014	0.00049568274353387	0.0350318037689773	0.00063022229917939	0.00103790560525932	0.00305264561264883	0	0.00191271756489095	0	1.00599818798387e-05	0.0107952751008742	0.000166650204878136	0.000715478105211558	0.0020908503753491	0.00106747585502733	0	0.0043892005789672	0	0	0.00561174241731406	0	0	0.007372442478243	0	0.00605570262774856	0	0.000218779201891846	0	0	0	0	0	0	0	0.0150367260469799	0	0.000698000156895071	0	0	0	0	0.000693020973944444	0.00163408655161299	0	0	0	0	0	0	0	0	0	0	0	0	0.000492837496133512	0	0.0273333772314361	0	0	0	0	0	0	0	0.000237273309994175	6.80827056514336e-06	0	0	0	0	0	0	0	0.0112653506178048	0	0	0	0	0	0	0	0	0
DRR171802	0.415268330796066	0.287977601243378	0.0574725611423975	0.046183408255694	0.061869912231325	0.000371522462580735	0	0	0	0	0.00117668818785009	0.0281826038915275	5.75118375192399e-05	0.000972691495882894	0.0035348739158167	0.00151875336779902	0	0.0156197742129345	0	0	0.00762112003001036	0	0.00120754819822627	0.00662738761796189	0	0.000402983641990214	0	0.0342319674839693	0	0	0	0	0	3.38658555426883e-05	0	0.000137767903465078	0	0	0	0	0	0	0	0	0	0.00209086589782491	0	0	0	0	0	0	0	0	0	0	0	0.00603603767887033	0	0	0	0	0.00379688341949755	0	0	2.20428645544125e-06	0	0	0	9.71889937171824e-05	0.0147755325005005	0	0	0	0.000129050952482197	0	0	0.00191923213881714	0	0	0	0	0	0	0.000171533564168883
DRR171803	0.4578399	0.3025544	0.0062562	0.0009622	0	0.0011119	0	0	0	0	0	0.0053668	0	0.1651983	0	0.0034824	0	0.0051231	0	0	0.0116082	0	0	0.0045384	0	0.0010681	0	0.0033373	8.48e-05	0	0	0	0	0	0	0.0094031	0	0	0	0	0	0	0	0	0	0	0	0	0	0	0	0	0.0005917	0	0	0	3.09e-05	0.0007093	0	0	8.77e-05	0	0.0001187	0	0	0	0	0	0	2.52e-05	0.0183808	0	7.91e-05	0	9.95e-05	0	0	0	0	0.001942	0	0	0	0	0
DRR171804	0.694613284822577	0.183538763576107	0.0141039418991641	0.00872953452488878	0	0.000905173880240072	0	0	0	0	0.000331009860251399	0.0123766467940674	0	0.000144691734559711	0.00507331648265	6.70425049481371e-06	0	0.0115902482173698	0	0	0.00325386294910974	0	0	0.0177280395770919	0	0.00563847479301877	0	0.000996131547401052	0	0	0	0	0	0	0	0.0336768511236124	0	0	0	0	0	0	0	5.11324179529822e-05	0	0	0	0	0	5.94376834913335e-05	0	0	0	0	0	0	0.000117174288498908	0.00378620045108599	0	0	0	0	0.00279567245633732	0	0	0	1.58100235549338e-05	0	0	0	0.000139788625988877	0	0	0	0	0	0	0	0	6.7943075910127e-05	0	0	0	0	9.85624886177837e-05
DRR171808	0.319533175065784	0.51655385680647	0.00127024184053579	0.00083386008762618	0.0166866511615937	0.00473475709791357	0	0	0.00306995216588498	0	3.46813418000039e-05	0.0207015442344933	0	0	0.000999526323238952	0.000776661005063275	0.00301416044211976	0.0254310739997298	0	0	0.0168840834957827	4.31254945860918e-05	0	0.00658664022440537	0.000239250995605824	0.00175035224180193	0	0.000400594629197146	7.93147208121827e-05	0	0	0	0	0	1.55814724029003e-05	0.0327519534140112	0.000634718817754274	0	0.000347416571770473	0	0	0	0.000658241814801233	0.00122892580726101	0	0	0.00201041204248776	0	0	0	0	0	7.4992118790733e-05	0	0	0	0.000157624185340307	0.000439397521761788	9.04730655652275e-06	0	0.000568271377378034	0	0.000410144563895698	0	0	0	0	0	2.43272020742056e-05	0	0	0	0.000221960587520025	0	0	0.00319681550893311	0	0	0	0	0	0	0	9.79119620672573e-05	0
DRR171809	0.244704475529552	0.630403436959656	0.00289039971096003	0.000138199986180001	0	0.000133399986660001	1.66999983300002e-05	0	0	0	5.99999940000006e-05	0.00771089922891008	0.000290699970930003	0.00273539972646003	0.00589889941011006	0.00197009980299002	0.00401459959854004	0.0184659981534002	0	0	0.0196738980326102	0	0	0.00278749972125003	0.00135519986448001	0.00711719928828007	0	4.69999953000005e-06	0.000617299938270006	0	0	0	0	4.89999951000005e-06	0.00569259943074006	0.0097764990223501	0.0100383989961601	0	0.000187299981270002	0	0.000169099983090002	0	0.000283399971660003	0.000103299989670001	0	0	0	0	0	0.00146459985354001	0.000174799982520002	0	0	0	0	0	0.000387299961270004	0	0	0.000670199932980007	0	6.09999939000006e-06	0	0	0	0	0.000273199972680003	0	0	0	0.00403669959633004	0	0.00105889989411001	0.000331199966880003	0	0	0	0.000311599968840003	0	0.000738099926190007	0.000472199952780005	0	0	0	0.00299489970051003
DRR171810	0.331476366852363	0.336875266312473	0.0539220946077905	6.18999938100006e-05	0	0.0179137982086202	0.0340342965965703	0	0	0	0	0.0776421922357808	0	0.0394549960545004	0.00115359988464001	0.000907599909240009	0	0.00213139978686002	0	0	0.00774949922505008	0	0	0.0159082984091702	0	0.0103459989654001	0	6.71999932800007e-05	0	0	0	0	0	0	0	0.0314129968587003	0	0	0.000763199923680008	0	0	0	0	3.63999963600004e-05	0	0	0	0	0	0	0	0	0	0	0	0	0	0.000121799987820001	0	0	0	0	0	0	0	0	0	0	0	0	0	0	0	0	0.000209599979040002	0.00810549918945008	0	0.00097109990289001	0	0.0105805989419401	0	0	0	0	0.0154707984529202
DRR171811	0.287800628860371	0.522345345153135	0.000784175280826959	0.000635861042660095	0	0.000541051940986335	8.39080551732966e-05	0	0	0	5.39051748967901e-05	0.00589176560949851	0	0.00195588776522546	2.40023042212052e-05	0.000484946554869267	0	0.0154649846385253	0	0	0.0149850385637021	0	0	0.0175655862962844	0	0.00718588984542516	0	1.65015841520786e-05	0	0	0	0	0	0	0	0.00578215508688834	0	0	0	0	0	0	0.000809277690658303	0.0392524682369507	0	0	0	0	0	0.00020791996031619	0	0	0	0	0	0	0.000306929465228662	4.10039363778923e-05	0	0	0	0	0	0	0	0	0.000381336608314398	1.30012481198195e-06	0	0	0.00776644557877556	0	0.000166215956731846	0	4.61044260248984e-05	0	0	6.59063270073927e-05	0	0	0	0.00374985998655871	0	0	0
DRR171812	0.420195193842223	0.339549179917541	0.101848714760283	0.0050661692707864	0.000225670353082993	0.000323988137789071	0.00230406026419651	0.000669502063472039	0.0158061357506293	0	0	0.0364786013644346	7.80935560801841e-05	0.00772905941317699	0.000713254478865681	0.000734980506646963	0	0.00804784131389404	0	0	0.00515437494117953	0	0	0.0116337372171862	0	0.0141289264538918	0	0.000447436028361978	0.000517319749059373	0.000622545809880237	0	0	0	0	0	0.0237467486048286	0	0	0.000130556406575077	0	0	0	0.000244693142384577	0.000370644031549797	0	0	0.000885861261791626	1.17140334120276e-05	0	9.73165852691524e-05	0	0	0	0	0.000340908408273111	0.000101121143129469	0.000222366394941139	0	0	0	0.000432017557033326	0	0	0	0	0	8.91067498863639e-05	0	0	0	0	0	0.000562173483833633	0	0	0	0	0	0	0	0	0	0	0	0
DRR171813	0.553673588715706	0.291306966552902	0.0182029166147077	0.00354064213364139	0.000934411119492322	0.000213302538300206	0	0.00252843008831805	0	0	2.50002975035403e-06	0.00737768779448475	0	0.00123161465621441	0.00144431718737453	0.00132391575459748	0	0.00846370071803854	0	0	0.00480975723611111	0	0	0.00656227809110928	0	0.000836009948518387	0	0.000439105225352182	2.19002606131013e-05	0	0	0	0	0	0	0.00527516277443702	0	0	3.9700472435622e-05	0	0	0	0	0.0549028533439548	0	0	0.00101421206912362	0	0	0.000794909459422567	0	0	0.000931511084981911	0	0	0	0.000475405657327322	0	0	0	9.40011186133115e-06	0	0	0	0	0	4.49005343163584e-05	0	0	0	0.0240924867005917	0	0.00116641388032518	0	2.74003260638802e-05	0	0	0	0.00798539502620081	0.000172102048014371	7.44008853705359e-05	0	0	1.77002106325065e-05	4.92005854869673e-05
DRR171817	0.441285763896427	0.310187103281343	0.00057268857777434	0.0215911797954989	0.183035731705206	0.00109975416612431	0.000416109677666576	0	0	0	4.23213257160283e-05	0.0112129502056086	0	0.00229475632771353	0.00330936759032877	0	0	0.00603083893974174	0	0	0	0	0.000110155507360159	0.00484334055930784	0	0.00542723478360746	0	0.000425414366299178	0.000135968514534474	0	0	0	0	0	0	0.00294918609487321	0.000308755581937738	0	0	0	0	0	0	0.000644324675203835	0	6.90347866289823e-06	0	0	0	0.000860333522061767	0	0	0	0.00182361892157458	0	0	0.000334068337035032	0	0	0	0	0	0	0	0	0	0	0.00019860007457758	0	0	0	0	0	0	2.24112930505682e-05	0	0	0	0	0	0	0	0	0.000605805265273171	0.000225313535490534
DRR171821	0.3683404	0.4755474	0.0025721	0.0001473	2.5e-06	0.0028778	0.0019611	0	0	0	0	0.0032865	0	0.0018893	0.0067358	0.0025542	0	0.0348712	0	0	0.0167258	0	0	0.0047014	1.48e-05	0.0010776	0	0	0.0005462	0	0	0	0	0	0	0.000113	0	0	0	0	0	0	0	0.0002874	0	0	0	0	0	0.0005865	0	0	0	0	0	0	0.0007565	0.0001487	0	0	0.0003773	0	6.99e-05	0	0	9.7e-06	0	0	0	0	0.0635366	0	0.0008735	0	4.9e-05	0	0	0.0013694	0	0	0.0013228	0.0039556	0	0	0.0016973
DRR171823	0.418379101247309	0.382409731239592	0.0426989363066828	0.000958494205000738	0.0020291847109015	0.001308755775194	0.00221336358478039	0.0227896222845178	0.00733920641425046	0.00230293966372476	0.00126974845911048	0.014542188825168	0.00057535791223193	0.00652477788952726	0.00297812815552096	0.00110999942494369	0.000996295109246624	0.00561001611364078	0	0	0.0107001692595808	0.000136726674931928	0	0.00462970596124281	0.000283607316163948	0.00133358775218531	0	0.000456827949184325	2.80490752250059e-05	0.001858577970196	0	0	0.000306127003799795	0	0.000596872256669748	0.00298345647447052	0	1.37732018129957e-05	0.000103851952356384	0	3.94094533627323e-05	0	0.000151907357222164	0.00133871500249526	0	9.33963830968833e-05	0	0.000431191697634588	0.000499856638059961	0.00250792914180285	0	0	0.000328948294395051	0.000841170653790767	0.000142457131160693	0.000411084833674011	2.33239621942701e-05	0	0	1.7090834366491e-06	0	0.000833429511165945	0	0	0	0.000256764652776577	4.0515330880564e-05	0	1.77945746051112e-05	0	0	0	0.000146076366673597	0	0	0	0	5.3182655175728e-05	0	7.26863132174883e-05	0	0.000211021537266263	0	0	0
DRR171825	0.360558513000799	0.379339268408429	0.000475060760561374	0.048149693856401	0.000358021154358635	0.0022285541427219	0	0	0	0	2.80094784074931e-06	0.00139937354800865	0	0.0840729502863769	0.00246573440452249	0.00383199674769942	0	0.0155360574018248	0	0	0	0	0	0.00291188538201327	0	0.0143203460050881	0	0	0.000110837507412508	0	0	0	0	0	0	0.0220001448490169	0	0	0	0	0	0	0	0	0.000537781985423867	0	0	0	0	0	7.07239329789201e-05	0	0	0	0	0	0	2.05069395483432e-05	0.0600479202162012	0	0.000157253214487783	0	0	0	0	0	0	0	0	0	0	0	0.00133415147685977	0	2.99101215851444e-05	0	0	0	0	0	0	0	0	0	0
DRR171826	0.427551064901358	0.408985246472831	0.000969074037256446	0.00142700902348939	0.0376974800874787	0.000563943085251713	0	0	0	0	7.05053866115371e-05	0.0336972744717696	0.000140610742660739	0.00130619979366424	0.00323954750142911	0.00267440432449039	0	0.00716954775344836	0.0357933346107643	0	0.0128776838550465	0	0	0.00977644692054473	0	0.00150381489145771	0	0.00019411483037304	0.000725455424794454	0	0.00019651501374705	0	0	0	0	0.00307733510840228	0	0	0.000261019941923563	9.26070751805438e-05	0	0	0	0.00680782011745697	4.60035146685207e-05	0	0	0	0	0	0	0	1.5401176649896e-05	0	1.97015051949969e-05	0	0	0.000179013676644896	0	0	0	0	3.38025825173043e-05	0	0	1.49011384469773e-05	7.65058450465615e-05	0	0	0	0	0	0.00017511337866213	0	0	0	0	7.50057304378054e-06	0	0.000363927804084232	0	0.00227007343361033	0	0	0
DRR171828	0.24985653956508	0.548146757845452	0.00729645669392287	0.000114358094681323	0.0044184275505573	0.00360663892329033	0	0	0	0	6.12302982284752e-05	0.0117785760622354	0	0	0	0.00155609059417492	0	3.9589439055597e-05	0	0	0	0	0	0.0151589603156899	0.000373125334933321	0.00369792027240816	0	1.07691479296313e-05	0	0	0	0	0	0	0	0	0	0.000654046250926275	0.000171690986992408	0	0	0	0	0.101035530495919	0.000281843985815494	0	0	0	0	0.00153937277405558	0	0	4.15381420142922e-05	0	0	0	0	0.000906146875793263	0	0	0.000552098317192432	0	0	0	0	0.0110767353071643	0.000188306243798125	2.15382958592626e-06	0.0125685187037023	0	0	0	0.0117750889095725	0.000461740037897144	0	0	0	0	0	0	0	0	0	0.000307587377532993	0.0043583254487786
DRR171829	0.186236022766223	0.371654108209075	0.165829419442051	0.0968365968069548	0.0144045844614579	0.000308356552862635	0	0	0	0	0.000954761766475784	0.0169920109170658	0	0	0	0	0	0	0	0	0	0	0	4.61431406365687e-05	0	0	0	0.11929025028541	0	0	0	0	0	0.00245381197011249	0	0.0225005991084945	0	0	0	0	0	0	0	0	0	0.00010251802115342	0	0	0	0	0	0	0	0	0	0	0	0.00183178237209648	0	0	0	0	0	0	0	0	0	0	0	0.000222891431509686	0.000181763849637962	0	0	0	0	0	0	0	0	0	0	0	0	0	0
DRR171830	0.462626240803404	0.388700598538267	0.000597828114564951	0.053589184162166	0.00162784884800813	0.00413008507723205	0	0	0	0	0	0.00578904059139874	0	0	0	5.69121962836636e-05	0	0	0	0	0	0	0	0.00113724371132734	0	0	0	9.94213059858728e-05	0	0	0	0	0	0	0	0.0787872841149858	0	0	0	0	0	0	0	0	0	0	0	0	0	0	0	0	0	0	0	0	0	0	0	0	0	0	4.84103743432217e-05	0	0	0	0	0	0	0	0.00280990216203332	0	0	0	0	0	0	0	0	0	0	0	0	0	0
DRR171833	0.422360096817261	0.189169049212239	0.0148065335642775	0.00106724301324514	0.00628839953768477	0.00136349374561777	5.26267765038852e-05	0	0.000839627202320541	0	0.000372489522669134	0.0192543966370089	0	0.00114328170172984	0.000177390256162335	0.000767090295542372	0	0.00499624208797436	0	0	0.00170666835285793	0	0	0.00342444235627087	0	5.32270819392907e-05	0	0.0147745172743892	0.000233318712560951	0	0	0	0	8.80447971928117e-06	0	0.00641636464633205	0	0	0	0	0	0	0	0	0	0.000156979871358547	0.00268476600894535	0	0	0	0	0	0	0	0	0	0.000236020087020276	0.00435901786829139	0	0	0	0	0.000148475544356969	0	0	0	0	0	0	0	0.302869500001601	0	0	0	4.48228058436132e-05	0	0	7.31372122135743e-05	0	4.14210750429819e-05	0	0	0	0	0
DRR171834	0.190551199186953	0.662193826777828	0.000866416086629923	0.0342788896778626	0	0.000635835174841074	0.000471436726593192	0	0	0	0	0.00345105786674277	0	0.00107322369340254	0.00120407760533513	0.00117687933264706	0	0.000523214179043811	0	0	0.00213153870399828	0	0	0.0173974254920948	0	0.0116549635185539	0	0	0	0	0	0	0	0	0	0.0103944746809769	0.00360326745945266	0	0	0	0	0	0	0	0	0	0.000159160262396847	0	0	0	0	0	0	0	8.48183170494589e-05	0	0.000203886310817226	4.44238453905123e-05	0.048528467676515	0	0	0	0.000114232745289889	0	0	1.93409939115156e-05	0.000161678620979075	1.53116201799498e-05	0	0	0	0	0	0	0	0	0	0	0	0.000726294615114725	4.62370635697169e-05	0.000655982043498903	0	2.07512747175636e-05	0
DRR171835	0.334511061716828	0.518732613845686	0.0105782156783814	0	0.0109595263652395	0.000843371876503427	0	0	0	0	0.00320056521344482	0.0121306090291085	0.000189453102692799	0.0124243565156739	0.00995535479025808	0.00572146366397692	0.000373596308800342	0.0197351824330187	0	0	0.00176048118483229	0	0	0.0051851641088661	1.88351048684538e-05	0.011447636104171	0	1.02190462584164e-05	0.000677362468168172	0	0	8.42570382679238e-05	0	0	0	0.00236210248661455	0	9.11699225015584e-05	0.000595109164460722	0	0	0	0	0.00248272730715508	0.000111407641562344	0	0	0	0	0.000636386096406482	1.19222206348192e-05	0	0	0	0.000190054223060941	0	0.000513056234209319	0	0	0	0.000134751149191864	0.000502135880854737	0	0	0	6.25165182867829e-05	4.30802930501869e-05	0	0	0	0	0	0.014721137255617	0	0	0	0	0.000915706694136532	0.00420203174676963	0	0	0.00821471057757448	0	0.000311580724153678	0
DRR171836	0.0592520722408756	0.731481076715023	0.000944880879236523	0.00498980122208872	0.00449219470642118	4.68229383068184e-05	0	0	0	0	6.29653217487836e-05	0.00844607601719074	8.42211310015577e-06	8.47224472575193e-05	0	6.17621627344756e-05	0	0.0073196183900449	0	0	0.0261361230045608	0	0	0.00457370872964054	0.000564582367464013	0.000308209234165224	0	0.000156310408608843	0	0	0	0	0	0	0	0	2.59681820588136e-05	0	0	0	0	0	0	0.0508107085964909	0	0	0	0	0	0	0	0	0	0.00016132357116846	0	0	0	0	0.0059678692374699	0	0	0	0	0	0	0	0	0	0.0773466814468067	0	0.00266930853649342	0	0	0	0	0.000805113907074414	0.000647299549697686	0	0	0	0	0	0	0	0
DRR171837	0.310816332489858	0.595918797555495	0.00988080276034871	2.76002870429852e-05	0.0020146209520579	0.00144171499383594	0.00262552730548398	0	0	0	2.18002267223579e-05	0.0151978580577238	0	0	0	0.00020950217882266	0	0.0268321790546622	0	0	0.021200120481253	0	0	0.000821108539528811	0	0.000730507597279012	0	0	0	0	0	0	0	0	0	0.0118690234378438	0	0	0	0	0	0	0	0	0	0	0	0	0	0	0	0	0	0	0	0	0.000374303892760485	1.82001892819685e-05	0	0	0	0	0	0	0	0	0	0	0	0	0	0	0	0	0	0	0	0	0	0	0	0	0	0	0
DRR171838	0.302160168225203	0.618119516095433	0.000191615908189561	0.00013553814108073	0	0.000363493252144064	7.00465971828716e-05	0	0	0	8.34080868189107e-05	0.0011832003966338	0	0.00187273424057848	0.000636492779025862	9.83891509562879e-05	0	0.000223197610965653	0	0	0	0	0	0.0113376288498045	0	0.000550452883642277	0	0.00183001796310569	0	0	0	0	0	0	0	0.00380316582276713	0	0	0	0	0	0	0	0.000194753833785903	0	0	0.000532030223689557	0	0	0	0	0	0	0	0	0	0.000445990328305972	0	0	0	0	0	0	0	0	0	3.52257454041031e-05	0	0	0	0.0305526656273047	0	0.00126286321741836	0	0.000117925268378678	0	0	0	0	0	0.000311970538320246	0.00208611318112977	0	0	0
DRR171840	0.320533283862991	0.598502799370859	0.00206343928900839	0.00481392204646598	0.000152185549118789	0.00283872226779758	0.00591515916640867	0	0	0	5.52124353663154e-05	0.0122409984656966	0	0.00180052771041861	0	0.000201073650979509	0	0.0134326835933939	0	0	0.0203637515705428	0	0	0.0030486299084357	0	0.00281452918248252	0	0	0.000216834291620439	0	0	0	0	0	0	0.00616612478171011	0	0	0.000165637306098946	0	0	0	0	0	0	0	0.000919538014464453	0	0	0	0	0	0	0	0	0	0.000649800171138472	0	0	0	0	0	0	0	0	0	0.000115946114269262	0	0	0	0	0	0	0	1.42548469491214e-05	0	0	0	0	0.00147919133658665	0	0	0	0	0.00149575506719655
DRR171842	0.171819682818032	0.729099927090007	9.8999990100001e-06	0	2.78999972100003e-05	0.000193699980630002	0.0117981988201801	0	0	0	9.34999906500009e-05	0.00746769925323008	0	0.00700109929989007	0	0.00148999985100001	0	0.0188986981101302	0	0	0.0117452988254701	0	0	0.00311169968883003	0	0.00517659948234005	0	0	0	0.00143239985676001	0	0	0	0	0	0.000673299932670007	0	0	0	0	0	0	0	0	0	0	0.000759799924020008	0	0	0	0	0	0	0	0	0	0	0	0	0	0	0	0	0	0	0	7.29999927000007e-05	0	0	0	0.0188115981188402	0	0.00913999908600009	0	0.000603799939620006	0	0	3.61999963800004e-05	0	8.03999919600008e-05	0	0	0	0	0.000248799975120002
DRR171843	0.259438681159593	0.530479955954905	0.00941080741176422	0.000253277591935853	0.00166988396288365	0.000592742743246346	0.00371887122348831	4.01463277747439e-05	0.00194887553184991	2.9169610307219e-05	3.46579690409815e-05	0.00466784910306497	0	0.00295639590458671	0.00140542638093458	0.00415529737909527	0.00874214237270082	0.00567099911606934	0	0	0.0317016747726676	0	0	0.00204858071551326	0.000775891306917456	0.00529016800170993	0	4.26872345959303e-06	0	0	0	0	0	0	0.000267709942680191	0	0.00572293525149438	5.48835873376246e-05	0.000283870110062936	0	8.66957407388774e-05	0	0	0.0188167362824318	0	0	0	0	0	2.04288908423381e-05	7.82599300925388e-06	0	0	0	0	0	0.00030765299790924	0	0.0325902807061729	0	0.000435511429151336	0	0	0	0	0	0.000284988109064258	4.57363227813538e-06	0	0	0	0	0.00373553957223529	0.000105295178669961	0	0.0176521878681456	0	0	0	2.58156133032531e-05	0	0	0	0	0
DRR171845	0.110305864235564	0.777463800678275	0.000223629018477823	0.0136097377324118	0.000338546705681288	8.94916483971235e-05	0	0	0	0	0	0.0047572719221755	0	0.0205883845646326	0.000600915397458537	3.90399808443827e-06	0	0.00412972925573079	0	0	2.67273715011543e-05	0	0	0.00142926370896435	0	0.0002064113859003	0	0.000129732859421333	0.000143747211519317	0	0	0	0	0	0	0.000889410845647027	0.00150904541340787	0	0	0	0	0	0.000136039317865426	0.0275298933637939	0	6.80697101902058e-06	0	0	0	2.24229633567737e-05	0	0	0	0	0	0	0.000113416149478681	4.55466443184465e-05	0.0205874836419978	0	0	0	8.70891880374692e-06	0	0	0	7.41759636043272e-05	0	0.000506118315767177	0	0	0	0	0	0	0.00932114578539883	0.000189293855837763	0	0	0	0	0	0	0	0
DRR171849	0.701508337179754	0.0167971048505318	0.0676012719098435	0.0886250380890701	0.00441683157758476	0.000290707387308872	0	0	0	0	6.10225417269139e-05	0.00842091068440682	0	0.000683452467341436	0.00589977937850242	0.000652741122570678	0.00332532837630221	0	0	0	0.0197239860404433	0	0	7.15264218602352e-05	0	0	0	0.0223387519349648	0	0	0	0.000296009345852358	0	0.000700858897276654	0	0.0166716585106538	0	0	0	0	0	0	0	0.0405103645286569	0	0	0	0	0	0	0	0	0	0	0	0	0.000243890093000354	0.000769984432249273	0	0	3.53130446386895e-05	0	0	0	0	0	0	0	0	0	0.000174164336305831	0	0	0	3.91144488774153e-05	0	0	0	0	0	0	0	0	0	0.000141852400276662
DRR171850	0.369041612818351	0.524798793224368	0.00880210577707632	0.000352216237168533	9.99046056023183e-05	0.000199609201984211	0	0.0163645544059581	0	0	1.73007975667678e-05	0.00067413107744267	0.000636129325561908	0.00658300347646026	0	0.00290203378375743	0	0.0106054889130389	0	0	0.0137246327055677	0	0.00173207984888103	0.00126905850359702	0	0.00300223840319039	0	0.000247311401055589	0	0	0	0	0	0	0	0.00295173607503306	0	0	9.92045733308305e-05	0	0	0	0	0.00020230932645995	0	0	0	0	0	0.00133856170769472	5.3502466463704e-05	0	0	0	0	0	0.000734233848180401	0	0	0	0	0	0	0	0	0	0	0	0	0	0	0	0.00457961112007264	0.000116905389338449	8.00036881700246e-06	0	0	0	0	5.72026370415676e-05	0	0	0	0	0.000156507214982611
DRR171852	0.370866500901381	0.531534433725009	0.000285615868473392	0	0.00138985044896933	0.00801735952032546	0	0	0	0	0	0.00496975614169189	0	0	0	0.00082522370407554	0	0.0347608722672596	0	0	0.027543117087895	0	0	0	0	0.00182177689898025	0	0	0.000408108448365274	0	0	0	0	0	0	0.0152804489633265	0	0	0	0	0	0	0	0	0.000101876998635569	0	0.000337955426711509	0	0	0	0	0	0	0	0	0	0	0	0	0	0	0	0.000239781226651103	0	0	0	0	0	0	7.10537023882651e-06	0	0	0	0	0.00161021700201012	0	0	0	0	0	0	0	0	0	0
DRR171854	0.275474896504934	0.545327186505264	0.000223251141022472	0.000954246024558626	0	0.000342331758600573	3.05206624885047e-05	0	0	0	0	0.00872050378105978	0	0.0811475368824694	0.000419483990661678	1.04070455698508e-05	0	0.0108901726468819	0	0	0.0148234354658104	0	0	0.0116904144105559	0	0.00796409169007418	0	0.000870289185778772	4.92333309650633e-05	0	0	0	0	0	0	0	0	0	0	0	0	0	3.8025743428301e-06	0.00102709534354758	0	0	0	0	0	7.57512836190101e-05	0	0	0	0	0	0	9.16620552113781e-05	0	0	0	0	0	0	3.90264208869405e-06	0	0	0	0	0	0	0	0	0	0	7.10480995634044e-06	0.00362115151957875	0	0	0	0.000133990711711829	0.00262247541585654	0	0	0	0
DRR171855	0.143332551273659	0.694109674324488	0.00127900625463001	0.00106009112534692	6.60953320479639e-05	0.000657874345384237	0	0.000239544262422279	0	0	1.62159355024508e-05	0.00460429935766422	0.000793451882085107	0.00751044131771102	0.0011477392830627	0.000603889648711521	0	0.0186286203872078	0	0	0.0334144745903475	0	0	0.0130689150574403	0.000432596000903987	0.00446954288098879	0	2.7094980839538e-05	0.000539436436714438	0	0	0	0	0	0	0.00461805211309035	0.00513511466411153	0	3.53055810939434e-05	0	0	0	0	0	0	0	0	4.65951564437509e-05	0	0.000344126783162768	0	0	0	0.000437932891069351	0	0	0.000608200213845084	0	0.0159594568770038	0	1.74475255406116e-06	0	4.02319412465867e-05	0	0	0	0	0	0	0	0	0	0.00538471691184545	0	0	0	0.000177041067985618	0	0	0	0	6.02452793667e-05	0	0.00031610810979461	0
DRR171856	0.184810199447491	0.56646046471937	0.00142868612279914	0.00225709583972297	0.000682279171953842	0.000306601475140892	0	0	0	0	8.02859593995418e-05	0.00338109927131655	0	0.00238131185237886	0	0.000379919219196322	0	0.0135438878905041	0	0	0.0157743227323887	0	0	0.00719523778024975	0	0.00127548637385687	0	0.000436270873718265	0	0	0	0	0	0	0	0.0105607848028273	0	0	0	0	0	0	0	0.146758088305466	0	0	0.000678340615454997	0	0	0	0	0	0.000356691834715952	0	0	0	0.000690560239464235	0	0	0	0	0	2.64590205819874e-05	0	0	0	0	5.38269388175544e-05	0	0	5.98862565080859e-05	0	0.0285518079236688	0	0.000300239191565834	0	0	0	0	0	0	0.00746871498534907	0	0	0.00293119493279459
DRR171857	0.208285489780617	0.700106142672075	0.0043251238464536	0.00109713434789671	0.00105102449883295	0.00165785411763953	0	0	0	0	0.00337562103265257	0.00354515724558766	0	0.00220647130227016	0.00729795884400908	0.000417689218417054	0	0.0132096215751685	0	0	0.0259848503640378	0	0	0.00185009518033052	0	0.00291322226427565	0	0.00109763445471953	0.000475701609863867	0	0	0	0	0	0	0.00656990333135158	0	0	6.11130537482806e-05	0	0	0	0	0.000507808467888741	0	0.00112133951812107	0	0	0	0	0	0	0	0	0	0	0.000247952962752844	3.70079048884842e-05	0.00750630334639479	0	0	0	0.000110123522384381	0	0	0	0.000125426791162592	0	0	0	0.00224217892941932	0	0.00176967800322149	0	0	0	0.000540415432736433	0	0	0	0.00023284973670376	3.11066443792394e-05	0	0	0
DRR171862	0.32080878389824	0.501280933828172	0.0543087402662067	0.0306893347911566	0	0.00587430894559342	0.00171212097879483	0.00823516125886115	0.000863811591747899	0.00386600345976357	0.00239165139545508	0.00316491368557217	0.000211487031019809	0.00148882763293654	0.000250088547361289	0.00408785951511978	0.000228837180652017	0.00391928587194768	0	0	0.0041062363008249	5.0305167572673e-05	0.00115260431905796	0.00104593683108243	7.94616320433651e-05	0.000748212369938042	3.80881983050238e-05	0.000322979708538019	0.000267952015029952	7.74083598975417e-05	0	0	0.00024054083188321	0.00106113104496153	0.000285507491876742	0.000929926954843412	0.000320515781963031	7.71003690756682e-05	0	0	4.76359137831026e-05	0.000511059437095441	0.000103382252542208	0.000448126645825954	0	0.00044863996386241	0	0.000288176745666312	0.000271853232107017	0.000458700997376945	0	0.000168265652350227	5.092114921642e-05	0	0	0.000129766799616038	0	0	0	0.000389916380491861	1.23196328749403e-06	0.000252039155899821	0	0	6.40620909496897e-05	0.00400583129289414	4.57879688518616e-05	0	0	0	0	0.000473587220434164	2.40232841061336e-05	0	0	0	0	0	0	0	0	0	0.000538675947456766	2.25859936040573e-06	0
DRR171863	0.195987460802508	0.710445857910828	0.00424829915034017	0.000469399906120019	0	0.000380199923960015	0	0	0	0	0	0.00296469940706012	0	0	0	0.00461359907728018	0	0	0	0	0.0477051904589619	0	0	0.00709159858168028	0	0.0024714995057001	0	0.00112549977490005	0	0	0	0	0	0	0	0	0	0	0	0	0	0	0	0	1.89999962000008e-05	0	0	0	0	0	0	0	0	0	0	0	0.00049649990070002	0	0	0	0.000923299815340037	0	0	0	0	0	5.79999884000023e-05	0	0	0	0.00352139929572014	0	0.00206309958738008	0	0.000432899913420017	0.0115861976827605	0	0	0	0	0	0	0	0	0.00337249932550013
DRR171864	0.205180724679117	0.627398478078419	0.0186735535549665	0.000237587220574372	0	0.00172526416290504	0	0.000598579448966064	0	0.00653966343213887	0	0.00395828329298695	0.000352471167738182	0.000844487234649159	0.000434574093329072	0.00240775099736509	0.00167764647101777	0.00113650899563361	0	0	0.0239490925772138	0	0.00653334782247804	0.00166581723387525	0	0.00194420529781408	0	0	0.000585045999692841	0.00293335006802814	0.000226760461155793	0	0	0	0.000151975622949682	0.00221848320308474	0.00228564921058889	2.36584742850429e-05	7.3080626075408e-05	1.41349359075892e-05	0.000114984194936204	0	0	0.013510893524435	0	0	0	1.10272549633675e-06	0	0.000764489512278548	0.000243301343600844	0	3.25805260281311e-05	0	5.543701813402e-05	0.000407106203693048	1.32327059560409e-05	0	4.37080287638928e-05	0.000880676680483483	0	0	0	0	7.17774050342827e-05	0	0.000189869280914709	5.01238861971248e-06	0	0	0	0	2.61646685948991e-05	5.91461857126073e-06	0	0.012287569957908	0.000392570276695882	1.63403869002627e-05	0	0.000349664230111143	0	0	2.59641730501106e-05	0	0
DRR171865	0.189215836311569	0.388909260587365	0.00471476454684307	0.0545727794765307	0.322739516660615	0.000206751067513676	0	0	0	0	0	0.0042921601635604	0	0	0	0.000502324074046289	0	0.00821142822277102	0	0	0.0010430576352359	0	0	0.000502924222282904	0	0	0	0.000382594500841708	0	0	0	0	0	4.39108459789568e-05	0	0.00589645642473691	0	0	0	0	0	0	0	0	0	0	0	0	0	0	0	0	0	0	0	0	0	8.93220625494497e-05	0	0	0	0	0	0	0	0	0	0	0	0	0.0183092223779273	0	0	0	0	0	0	0	0	0	0	0	0	0	0
DRR171868	0.50991296601187	0.285204804675567	0.024271710553347	0.0108119163942491	0.0035962033623969	0.00177931599404363	3.07402153442497e-05	0.00230300469531675	0.0266307709354679	0.0104453443491799	9.68417241563946e-05	0.0164920250739699	0.000189866035949778	0.00826088035355668	0.00188379254292605	0.00158934949987377	0.0109150869862705	0.000495861774311166	0	0	0.00238949922280498	0.000408864955722537	0.00462077674898515	0.017649504685723	0.000120750780535255	0.0113450481682097	0	0.000383549484262567	0	0.000111106791407648	0	0	0.000215181507409748	0	0.00204774035809538	0.0020156941858901	0.00155730332766849	0.000491843445507996	0.0012305127377507	0.000143856171153482	8.13711582641905e-05	0	0.000718879022887095	0.00527686938432271	8.99101069709265e-05	1.15526953091135e-05	0	0.000477980211137059	0	0.000646950937310354	3.46580859273404e-05	0.000155408866462596	0.000220907625954265	0.00274944102534892	0.000130997518983339	0.000460400022623191	5.77634765455673e-05	0.000208752181324676	0	0	0.000329804336520169	0.000299566412276316	0	0	0	0.000217391588251492	8.18734493645867e-05	0	0.000321968595353988	0	0	0	9.28233953532247e-05	0	0	0.0100004148924489	0	0.000519971747130185	0	0.000268122989391512	3.28498379659139e-05	0	0.000466427515827946	0.000204532936081348	0
DRR171870	0.50356719928656	0.409225718154856	0.000713699857260029	0	1.35999972800005e-05	0.000910499817900036	0	0	0	0	2.4899995020001e-05	0.00203419959316008	0	0.0169222966155407	0.00184609963078007	0.0182496963500607	0	0	0	0	0.0204760959047808	0	0	0.00204269959146008	0	0.00287809942438012	0	0	0.00114689977062005	0	0	0	0.000290699941860012	0	0	0	0	0	8.95999820800036e-05	0	0	0	0	0.00209399958120008	0	0	0	0	0	0.000905999818800036	0	0	0.000186299962740007	0	0.00119639976072005	0	0.000687599862480028	0	0	0	0.00132469973506005	0	0	0	0	0	0	0	0	0	0	0	0.00366079926784015	0.000334699933060013	0	0	0	0	0	0	0.0024153995169201	0	0	0	0.00644989871002026
DRR171872	0.296135904783206	0.558677439769881	0.034269159752109	0.00161767051033498	0.0302172105539235	0.00152008272395294	0	0.000929440921276845	0	7.5923899579861e-05	0	0.0131580029507016	0.000145127982420157	0	0.00499984454155304	4.86434495326719e-05	0	0.00743352145477012	0	0	0.0158715050684468	0	0.000122762025212351	0.0154214779384405	0	0.0018778377435056	6.4389885773145e-05	0.000431572707915643	9.24727019981927e-05	2.818311199728e-05	8.82602795644355e-06	0	0	4.59354636823994e-05	0	0.00335890541206017	0	0	0	0	0	0	0.000380120976760467	0.00206117841514627	0.000124968532201462	0	0	9.02661950090818e-06	0	0	0	0	0	0	0	0.000350834611268631	0	7.01067447903868e-05	0.00152359307598107	0	0	0	0	0	0	0	2.18644783466443e-05	0	0	0	0	0	3.30976048366633e-05	0	0	0.0037913807819259	0	0	2.25665487522704e-05	0.000454540439756843	0	0	0.000750613559386631	0	0
DRR171876	0.0627046125409225	0.820342964068593	0.000173400034680007	0.0194164038832808	0.00296620059324012	0.000531200106240021	0	0	0	0	0	0.00262380052476011	0	0.000140400028080006	1.20000024000005e-06	6.47000129400026e-05	0	0.00537640107528022	0	0	0.0376709075341815	0	0	0.00305940061188012	0.00114230022846005	0.000298600059720012	0	0	0	0	0	0	0	0	0	0.000344400068880014	0	0	0	0	0	0	0	0.0285223057044611	0	0.000575000115000023	0	0	0	0	0	0	0	0.000127900025580005	0	0	0	0.00126220025244005	0	0	0	0	0.000127900025580005	0	0	0	0	0	0.00122140024428005	0	0.00438040087608017	0	0	0	0	0.00583020116604023	0	0	0	0	0.000596900119380024	0	0	0	8.00000160000032e-06
DRR171883	0.331463533324279	0.500616524669426	0.0205129822796123	0.0185901727354045	0	0.000171887519860995	6.69065389990782e-05	0.00132055023294727	0.00453427423081591	0.00127293206555153	0.0073738841877948	0.00370607977509759	0.000362159268906422	0.00149314097468964	0.000161238731371652	0.00175564365697881	0.0025417452600836	0.00563712706134426	0	0	0.0130484829293893	4.92255316960185e-06	0.00300416387721987	0.00233610308991676	0.000761086996181706	0.00155281437433746	0.000108396630000008	0.00010869801080631	0.000246328579017627	6.42945720111262e-05	0.000603967135829517	7.78567082947231e-05	0.000246529499555162	0.00057001156498614	0.00119728548316969	0.00860422109938896	0.000233469664615402	6.73083800741477e-06	0	5.0933356265064e-05	4.31979155699754e-06	0	4.92255316960185e-05	0.0364942018351278	0	0.000245524896867488	0	6.36918103985219e-05	0.000158827684921235	0.000684234890574657	0	8.04686752826751e-05	0	1.53704211214099e-05	7.7555327488421e-05	0.00024582627767379	0.000104679600055615	0	0	0	0	1.27584541334579e-05	0	0	2.41104645041723e-06	0	7.54456618443059e-05	1.37630568211317e-05	0	0	0.000150891323688612	0	0	0	0	0.00971671811571898	0	0	0	3.12431435866566e-05	0	0	0.000445842672789653	0.000165357602391115	0
DRR171886	0.377658398837182	0.241009192974048	0.083078695226138	0.0274422106341354	0.152146310719363	6.3205321888103e-05	0.000133011199543002	0.000624252562065726	0.00580018837586125	0	3.88032672351012e-05	0.0066386589750857	0.000269822719072946	0.0237829025203922	0.0017533476318706	6.40053892537752e-06	0	0.00456378427063559	0	0	0.00535115056687773	0	0	0.00928838208177129	0	0.0100204437213613	0	3.03025514748342e-05	0.000755363601615256	0	0	0	0	0	0.00161133567446379	0.0115950763054249	0.00164623861329124	0	6.23052461017218e-05	0	0	8.72073428582687e-05	0.000694358464982752	0.00916187142957437	0	0	0	0	0	0.0011359956508338	3.20026946268876e-05	0	0	0.00075906391318149	0	0	0.000125610576410534	2.60021893843462e-06	0	0	0	0	0	0	0	0	0.000100908496495405	0	0.0221703667448799	0	2.1201785190313e-05	0	0	0	0	0	0	0	0	0	0	0	0	0	0
DRR171888	0.20180083415461	0.535301474715145	0.000605087800771514	0.0173775372636323	0.00157430897462184	0.000285883222557337	0	0	0	0	0	9.30596419245094e-05	0	0.00307827286507923	0	4.192687093158e-05	0	0.00825839280394805	0	0	3.38216763123486e-05	0	0	1.42091066164305e-05	0	0.0018496854634135	0	0.000526137201332334	0.000310999319463844	0	0	0	0	0	0	0.00951629899602655	0	0	0	0	0	0	0	0.186386154886667	0	0	0.00140119802781603	0	0	0	0	0	0	0	0	0	0.000131384204136431	1.29082729121094e-05	0	0	0	0	4.38280894225109e-05	4.40282176847141e-05	0	0	0	0	0	0	0.000120977534501862	0	0.0305414740307063	0	5.11327709929294e-05	0	0	5.0432322075218e-05	0	0	0.000548551566699097	0	0	0	0
DRR171889	0.146346270730746	0.520547195890561	0	0.0265032946993411	0.177563064487387	1.80999963800007e-05	0	0	0	0	0	0.000863899827220035	0	0.00308669938266012	1.96999960600008e-05	0.000949999810000038	0	0.0417315916536817	0	0	0.00405879918824016	0	0	0.00183899963220007	0.00141829971634006	0.00729779854044029	0	0	0.000158999968200006	0	0	0	0	0	0	0.0155102968979406	0.00228449954310009	0	0	0	0	0	0.000156999968600006	0	0	0	0	0	0	0	0	0	0	0	0	0	0	0.000140399971920006	0.0164213967157207	0	0	0	0	0	0	0	0	0	0	0	0.0202003959599208	0	0.00593559881288024	0	0	0	0	0	0	0	0.00694769861046028	0	0	0	0
DRR171890	0.286146437294308	0.415704357250834	0.151464117743899	0.0592719617661585	0.000788815670630928	0.000834151054898348	0	0	0	0	0	0.0131846906510531	0.000147515135563307	0.00427193424467797	0	1.60124977544974e-06	0	0.0102391916891134	0	0	0.01384870891731	0	0	0.00285833092728875	0.00122695764043836	0.0112101495217017	0	0.0109651583060579	0.000344068545499763	0	0	0	0	0	0	0.0142755420605783	0	0	0	0	0	0	0.000969957051478679	0	0	0.000914213543670835	0	0	0	0	0	0	0	0	0	0	0	0.000922820261213877	0	0	0	0	5.62438983626721e-05	0	0	0	0	0	0	0	0	0	4.31336658261773e-05	0	0	0	0	0	0	0	0	0	0	0	0
DRR171894	0.14330541191085	0.539485824547067	0.00139150215198589	0.0492267398129096	0.00722694671731356	0.00355609440523688	0	0	0	0	0	0.0930669615888177	0	0.0032366332051153	0	5.69287262352583e-05	0	0.00250646476211897	0	0	0.00609757683727209	0	0	0.00455860026969609	0	0.00417780812197835	0	0	0	0	0	0	0	0	0	0.0152795100407666	0	0	0	0	0	0	0	0.0691469915719472	0	0.000844025895466853	0	0	0	0	0	0	0	0	0	0	0.000311457161283584	4.68236272022863e-05	0	0	0	0	0	0	0	0	0	0	0.00582894128377179	0	0.0349263238230011	0	0	0	0	0.0156251844680826	0	0	0	0	0	0	0	0	0
DRR171895	0.316619817698559	0.329744229336225	0.000723361268699459	0.0143561159630221	0.000201117034612832	0.00126500714610528	0.0100128480882331	0	0	0	0	0.0513371482564573	0	0.00184085592049647	0.000778365927594067	0.000192616314601847	0	0	0	0	0.00114899732007301	0	0	0.00103208741780429	0	0.022627116516769	0	0	0	0	0	0	0	2.3201965206453e-05	0	0.000262322218691923	0	0	0	0	0	0	0	0.20307660058807	6.9605895619359e-05	0	0	0	0	0	0	0	0	0	0	0	0	0	0.0329948946675783	0	0	0	4.44037609985566e-05	0	0	0	0	0	0	0	0	0	0.011649286694583	0	0	0	0	0	0	0	0	0	0	0	0
DRR171897	0.311533855488866	0.117117843235395	0.312597363497365	0.0644370511291838	0.00747118881512372	0.000430028892534929	0	0	0	0	0	0.00046066657381914	0	0	0	0	0	0.00992540725838709	0	0	0.0104976110117834	0	0	0.00971384706049971	0	0	0	0.00470078149115597	0	0	0	0	0	0.000548174199447901	0	0.134641295329125	0	0	0	0	0	0	0	0.0121583535590423	0	0	0	0	0	0	0	0	0	0	0	0	0	9.46163686718295e-05	0	0	0	0	0	0	0	0	0	0	0	0	3.20394052645349e-06	0	0	0	0	0	0	0	0	0	0	0	0	0	0
DRR171899	0.312607998105675	0.306513247734184	0.00127224803619285	0.0175245143534261	8.3880075572336e-05	0.00324995158835351	0	0	0	0	0	0.00104478854896499	0	0	0.0107770846857658	0.0132861624965761	0	0.00618224250773332	0	0	0	0	0	0.024560306864621	0	0.00241707059872916	0	0	0.00188950907078736	0	0	0	0	0	0	0.276542776330166	0	0	0	0	0	0	0	0	0	0	0	0	0	0	0	0	0	0	0	0	0	0.000141171371208465	0.0217907593454545	0	0	0	0	3.30102211283476e-05	0	0	0	0	0	0	0	0	0	0	0	0	0	8.32780654605729e-05	0	0	0	0	0	0	0
DRR171902	0.255943427114128	0.438824176960473	0.00241267189762255	0	0.0768175891641571	0	0	0	0.00423632624252203	0	0	0.0450736431945672	0	0.00155734640892299	0	0	0	0.0726751657199385	0	0	0.00849785323602643	0	0	0.00985799376821429	0	0	0	0.00531455837383954	0	0	0	0	0	0	0	0.000640719093428984	0	0	0	0	0	0	0	0.0247901387461346	0	0	0	0	0	0	0	0	0	0	0	0	0	0	0	0	0	0	0	0	0	0	0	0	0	0	0.0395489785595611	0	0	0	0	0	0	0	0	0	0.00113793391043053	0	0	0	0
DRR171903	0.247489781061872	0.647221240773871	0.00965171159642105	0.000907282115379013	0	0.000160992015176501	0	0	0	0	0	0.00399426395862345	0	0.00882732835452845	0.00210931578093192	0.00317568764265139	0	0	0	0	0.0129356283239019	0	0	0.00912207990470234	0	0.00371673294738635	0	0.00211271984095431	0.00169271890583899	0	0	0	0.000152281626295683	0	0	7.88940969894793e-05	0.00141228443164162	0	0	0	3.32396449245015e-05	0	0	0.000503200166838989	2.67318831169936e-05	0	0	0	0	0	0	0	0	0	0	0.00018852485359288	0	9.50133223896141e-05	0.0310615471072348	0	0	0	0	0	0	0	9.15091429548022e-05	0	0	0	0	0	0.00058089283087939	0	0	0	0	7.04840663459308e-05	0	0.00167649956102644	0	0	0	0.00017160467289336	0
DRR171908	0.254490657890761	0.636960438186956	0.014328683039846	0.00885444775488617	0.000569505368778739	0.000502169263158906	0.000766511003199916	0	0	0	5.61300969579889e-05	0.00831555880262997	0	0.00377082191471067	0.000464148876627648	0.00598350835718112	0	0.0151323139467382	0	0	0.0195345744388141	0	0	0.00390279267743364	0	0.00263111080161182	0	1.81097104267308e-05	0.000511374198845421	0	0	0	0	0	0	0.00731762370983321	0	0	0.000759407194137496	0	0	0	0	2.51134658403836e-05	0	0	0	0	0	0	0	0	0	0	0	0	0.000428129563071719	0.000245231493126614	0	0	0	0	0.000134372050293367	0	0	0	0	0	0	0	3.86207084238569e-05	0	0	0	0.000259939379495285	0.0116930698240396	0	0	0	0	0	0	0	0	0.00195714942352089
DRR171913	0.262614936310568	0.41463517730797	0.020360341001891	0	0.000507538167505754	0.000329077619241457	0.00585943785431708	0.000884534814687031	0	0	0	0.000698911632772782	0	0.00215050509177503	0.0054767918059471	0.0236591877674323	0	0.0120643971206213	0	0	0	0	0	0.00583956406799256	0.0037192227432786	0.00529510302843212	0	0	0	0	0	0	0.000110768616164046	0	0	0.00313390442726421	6.41610563573166e-05	0.000506932874521251	0.000706276030750901	0.000143050908670872	0.000197022866455722	0	0	0	0.000160806169549627	0	0	0	0	0.000456895321135671	0	6.37575277009812e-05	0.000111172144820382	0	0	0	0.000154450593212345	0	0	0	0.000997119309804586	0.000716162482831117	0	0	0	0.0245089182355104	0.00013508121770825	0.00015667000082219	0.000246253362528632	0	0	0	0.0130549590897604	1.36190921513172e-05	0	0	0	0.000564233943720867	0	0.000785569411720792	0.00678805817470874	0	0	0.0003918263253016	0.000765191214575859
DRR171914	0.395957863047263	0.258471665836989	0.00748657622053663	0.00152428040107974	4.25450254453708e-05	0.00211346908092708	0	0	0	0	0.000230851704969424	0.115577606395896	0	0.00758814497846608	0	0.000868128248084238	0	0.00663582551805684	0	0	0.0278376296069034	0	0	0.00138106545627068	0	0.00380343539095957	0	0	0.00168667056862475	0	0	0	0	0	0	0.0236764564667765	0	0	0	0	0	0	0	0	0	0	0	0	0	0	0	0	0	0	0.000433389995117809	0	0	0	0	0	0	0	7.78993423647634e-05	0	0	0	0	0	0	0	0.000674128924310452	0	0.000278040729671155	0	0	0	0	0	0	0	0	0.012917209028354	0	0	0
DRR171915	0.465570375726145	0.198470107447306	0.0392295236008982	0.0135779813167366	3.29294594239148e-05	0.00432753889678408	0.0357004987647906	0.0270273857595995	0	0.0226345958724493	0	0.00227233534307735	0.00100865467250791	0.00375112137474515	0.00130319602187813	0.00209573211915155	3.3233423664751e-05	0.00283355465307447	0	0	0.00169905878486039	0.00317288006726121	0.00498248051437234	0.000574796379421135	7.17355608373283e-05	0.001253345886381	0	0.00280832562108507	3.20175667014064e-05	0.00380431511689148	0.000232532644239645	0.00136297565590924	0.000212167040103623	0	0	0.00559851470913358	0	0.000244285928218642	0.000578849235965616	0.000125131945810876	8.23743092665931e-05	0	0.000628192764394683	0.000152792691726965	0	0.00181801012444093	0.000204973219737168	0	0	0.000456858253976714	0	0	2.09735326176934e-05	0	0	0.000288158100312658	0	0	0	0.000231215465862688	3.97179941359219e-05	0.000607117910363377	0	0	0	0.00253090759061529	0	0	0.00100531106585872	0	0	0.000932764933712492	0.000515523352458088	0	0	0	0	0.000171233189004357	0	0.000132123123350107	0	0	3.120699539251e-05	0.000304572169317809	0
DRR171917	0.382167156293097	0.350407598626146	0.0120151755689063	0	0.00345994009664909	0.00526582199481339	0	0	0	0	0.000130120311780669	0.0104059243647933	0	0.00440838814939012	0	0.000168626322568953	0	0	0	0	0.00102656024605441	0	0	0	0	0.0239091322155388	0	0	4.92076813190539e-05	0	0	0	0	0	0	0.185182707020566	0	0	0	0	0	0	0	0	0	0	0.00123399262624896	0	0	9.20143634421333e-06	0	0	0	0	0	0	0.000401062605872777	0.000213433316940774	0	0	0	0	0	0	0	0	0	0	0	0	0	0	0.0169397442940843	0	0	0	0	0	0	0	0.00260620682888599	0	0	0	0
DRR171919	0.285045459987619	0.570643847535626	0.0307706988002132	0.0122883349188658	0.000941717254170537	0.000113226121266176	0.000486212169147422	0	0	0	0.00017143955110444	0.0286158016654442	0	0.000368184940265719	0.00204237117503008	0.000327975663985682	0	0.0068622831287178	0	0	0.0206817712846354	0	0	0.00593256864358608	0	0.00312862177304304	0	0.0167361610323502	0	0	0	0	0	0.000176740774096584	0	0.00771998099961661	0.000159036689764329	0	0	0	0	0	0	0.00577513232302692	0	0	0	0	0	0	0	0	0	0.000351181017460728	0	0	0.000141432628507397	3.98091839787439e-05	0	0	0	0	0.000158736620538358	0	0	0	0	0	0	0	0	0	0	0	0	0	0	3.30076148567475e-06	0	0	0	0.000150834797587804	0	0	0.00016713855886553
DRR171921	0.35142944500213	0.320874860960752	0.0136943991164165	0.0411733958280893	0	0.00174249800769841	0	0.000131480856126194	0.00561410197972603	0	3.08362282893366e-05	0.0244938087482882	0	0.00136854596235248	0.00194117572612287	0.000310270713960133	0	0.00617477893839404	0	0	0.00824452265217277	0	0	0.0265928820342509	0	0.0172088251477377	0	0.00269811975344678	0	0	0	0	0	0	0	0.0427026517750116	0.00362099683983904	0	7.50314740460406e-05	0	0	0	0.000395246118301432	0.070892790168406	0.000176178320584679	0	0	0.000289378415966055	0	0.000738964597800162	5.31347386484009e-05	0	0.000282046022920056	0	0	0	0.000172060127230077	0.000144538542372493	0.0207383177401123	0	0	0	0	2.38051664644065e-05	0	0	0	0	0	0	0	0	0	0	0	0.0075062611605551	0	0	0	0	0	0	0	0	0
DRR171922	0.293078632810313	0.570516924932826	0.00480116813208224	0.0016093519591836	0.000116279466410685	0.00104862207327392	0	0.000174870672954118	0.00272860452801673	0	0	0.00239200607261738	0	0.00060146281374638	0.00035084494740135	0.00106658067938912	0	0.0134080558494591	0	0	0.0358419666740441	0	0	0.0173525282406606	0.0027158629471417	0.00337290714517757	6.57144525444335e-05	0.000386862487040207	3.68201589065757e-05	0	0	0	0	0	0	0.0305334428373554	0	0	0	0	0	0	0.000800111082506652	0.000965350324248151	0	0	0	0	0	0.000630557762201167	0	0	0.00013714756737136	0	0	0	0.000337200419850139	1.51494386781824e-05	0.0099244875727449	0	0	0	6.7821328122194e-05	0	0	0.00134338399934346	0.000641393122315364	0	0	0.000296768474238831	0	0	0	1.65540223966894e-05	0	0	0	0	0.000128720065060318	0.000218914405270159	0	0	0	0	0
DRR171923	0.467285929499105	0.254201766383488	0.0109893564645796	4.35455742587867e-05	0.0156311315449736	0.00215479373183842	0.00327507484904286	0.000264732673414399	0.0140726476512911	0.00137341520308262	0.000852190957924292	0.0136295612590084	0.00134207866833564	0.00571800191335998	8.3224952672167e-05	0.00393568562862767	0.0181288975450979	0.00534328614234336	0.0386694873617619	0	0.0207543497501166	6.24695855020911e-05	0.0138147316916041	0.00550729423978533	0.000339716524416095	0.00948164182686707	0	0	0.000414293407434064	0.00216568012540311	0	0.000506268171756361	0.000571790017136404	0	3.13365347469773e-05	0.00504721693418198	0	0.000832961720693193	0.000655421937792298	0.000107541289699854	0	0.000482562286704264	0.000344396656228955	0.000221390583147476	0	0.000352129047919768	0	0	0.00235278365592159	0.00116331798148357	2.55372409788679e-05	0.000420397927189968	0	0.000365864217370553	0.000188222692473727	0.000341954848326593	0	0.000495992230167255	0.0022156354454056	0	0	0	0	0	0	0	0.000117105037317438	1.17003295321506e-05	0.000117715489293028	0	0	0	0.00136720894133078	0	0	0.00844509437231446	0.000979470194834905	3.99846044011756e-05	0	0.000726234366960793	0	0	0.000511762239536675	0.000957697407705511	0
DRR171925	0.381744033736557	0.354313435163657	0.00446324578042451	0.000663452744803939	0.00135076132179754	0.000873945381771498	0.00280576661618853	0.000371870325309354	0	0	0.0103185495333278	0.015463290284582	0.000100535292799267	0.00269240129599314	0.00844887374411072	0.00943387905052986	0.00245404344327464	0.0153220597486357	0	0	0	0	0	0.0136713965364539	8.3896351019927e-05	0.0238339810492477	0	0.00105907866771392	0.000385602464006761	0	8.6201746567667e-06	0	2.2853486299335e-05	0	2.55598202032036e-05	0.0229119230647407	0.000100234589032171	0.000332678600997775	9.43207482792728e-05	0	0	0	0.000741034316714839	0.00226399866246964	7.90850907463828e-05	0	0	0	0.000166790356149532	0	7.60780530754177e-05	0	0	0	0	0	0	0	0	4.44039229412517e-05	0.000270733624975894	7.55768801302569e-05	0	0	8.10897825270263e-05	0.00162540409574568	1.12262739716031e-05	1.49349537657935e-05	9.42205136902406e-06	0	0	0.000935990592382412	0.0195529617516836	0	0	0	0	3.01706112986834e-05	0	0	0	0.00178006606662232	0	9.22158219095972e-06	0
DRR171926	0.203634250742231	0.656789253795676	0.00190917938334628	0.0412624699036858	0	0.0014948762408314	0.0189696159669247	0.00519896865857315	0	0	0	0.00597660073535052	0	0.00464466169850068	0.00382647057586434	0.00122959003717612	0	0.0161421998144899	0	0	0	0	0.0107928121759658	0.00288309721292257	0	0.000312755309179103	0	3.70539431304092e-06	0.00198829455921931	0	0	0	0.000422014368517688	0	0	0.0108714266228776	0	0.000132893466308252	0.000106354831363499	0	0.000279106322985002	0	0.000545594276147215	0	0	0	0	0	0	0.000866761831874843	8.81282971750274e-05	0	2.84414049973952e-05	0	0	0	0.000725155681641333	0	0	0	0.000101647979128015	3.50510272855223e-05	0	0	0	0	0.000183567237183892	0	4.90714381997312e-06	0	0	0	0.00089730629850937	0.000178860384948408	0	0	0	0	0	0.000385961883309722	0.000318463619337031	0	0	0.000304843791591799	6.7097680803714e-06
DRR171927	0.2063283	0.5492491	0.0032957	0.1128585	0.0056195	0	0	0.0016533	0	0	0	0.0094291	0	0.0055478	0.0007238	0.0075674	0	0.0371199	0	0	0.0219654	0	0	0.0017699	0	0.0069376	0	0	0	0	0	0	0	0	0	0.0205907	0.005934	0	0.0009434	0	0	0	0.0003128	0	0	0	0.0007986	0	0	0	0	0	0	0	0	0	0.000904	0	0	0	0	0	0	0	0	0	8.97e-05	0	0	0	0	0	0	0	0	0	0	0.0003615	0	0	0	0	0	0	0
DRR171928	0.237803232149356	0.643048726665247	0.0189412301113483	0.0284666007466161	0.00900201730556344	0.000900791790683471	8.32084789440044e-05	0	0	0	0	0.00260466541540583	0	0.00591860310565647	0	0.000182218568072087	0	0.036208789675668	0	0	0.00421452946055203	0	0	0.00536654685112413	0	0.000926994460735549	0	0.000943296121874819	0	0	0	0	0	0	0	0.00260036497719118	0	0	0	0	0	0	0	0	0	0	0.000449345788335831	0	0	0	0	0	0.000137113971913738	0.000914693207237817	0	0	0	9.18093553733125e-05	0	0	0	0	2.49025375685782e-05	0	0	0	0.000114611678930083	0	0	0	0.000231423582063012	0	0	0	5.38054827786952e-05	0	0	0.000159916295470508	0.00061056221628984	0	0	0	0	0	0
DRR171929	0.106124257113274	0.578771683158123	0.0451249664224915	0.00609903767511635	0.14762585731567	2.68419754812576e-05	0.0794621629303905	0	0	0	0.000119587010166498	0.00455522345844432	0	0.00219553337509197	0	0.000250191249075304	0	0.00182505401947566	0	0	0.012243446301326	0	0	0.00284825409976121	0	0.000462623450551973	0	0.000141220841151393	0.000490466992282531	0	0	0	0	0	0	0.0030537754941177	0	0	0	0	0	0	0	2.9045421229719e-06	0	0	0	0	0	0	0	0	0	0	0	0	0	0.000116281841543806	0	0	1.47230238647196e-05	0	0	0	0	0	0	0	0	0	0.00102009522491272	0	0	0	0.000128601106410204	0	0	0	0	0	0	0.00357629260637785	0	0	0.00357649291962771
DRR171930	0.374585232071484	0.284903962162111	0.0923779522981572	0.00555957899494439	0	0.000930861026491517	0.0257709821909245	0.0258854079883535	0	0.0109882540588407	0.00285532280561411	0.000422085857421772	0	0.00826506336814689	0	0.000923696620570197	0	0.00272114371757339	0	0	0.00916133054890403	0	0	0.0005253556513448	0.00212281347448714	0.00168639880522273	0	0	0	0	0	0.00047428367199139	0	0.00525672932178458	0	0.000406017118426811	0	0.000409599321387471	0	0	0	0	0	0.000186990994546454	0	0	0	0	0.000181464167121436	0.00531680798286765	0	0	0	0	0	0	0	0	0	0.000118826789637895	0	0	0	0	0	0.00322388031593802	0	0	0.000494446357227105	0	0	0	0.000288930255941237	0	0	0	0	0	1.33053252824516e-05	0	0	0.0242943981305404	0	0	0
DRR171931	0.475461904907619	0.411194617761076	0.00175919964816007	0.000917899816420037	3.45999930800014e-05	0.000450199909960018	0	0	0	0	5.90999881800024e-05	0.0118023976395205	0	0.000117799976440005	0.000164199967160007	0	0	0.023939995212001	0	0	0.0165676966864607	0	0	0.0101404979719004	0	0.00159589968082006	0	0.00948629810274038	0	0	0	0	0	0	0	0.00270059945988011	0	0	0	0	0	0	0.000196099960780008	0	0	0	0.000567299886540023	0	0	0	0	0	0	0.000398699920260016	0	8.81999823600035e-05	0	0	0	0	0	0	0	0	0	0	0	0	0	0	0	0	0	0	0.000138699972260006	0	0	0	0.00289599942080012	0	0	0	0	0	0
DRR171932	0.286031171396883	0.511776748822325	0.00769979923002008	0.0233586976641302	1.41999985800001e-05	0.00228369977163002	0.0117523988247601	0	0	0	0.000164699983530002	0.00274729972527003	0	0.00325309967469003	0.0131750986824901	0.00478229952177005	0	0.0159061984093802	0	0	0	0	0	0.0153911984608802	0	0.0406544959345504	0	0	0.00225619977438002	0	0	0	0	0	0	0.0110865988913401	0	5.50999944900006e-05	0	0	7.53999924600008e-05	0	0	0	0.000917699908230009	0.000164099983590002	0.00106439989356001	0	0	0	0	0	0	0.000152799984720002	1.20999987900001e-05	0	0.00224799977520002	0	0	0	0.00148709985129002	0.00189919981008002	0	0.000211899978810002	0	0	0	0.00100689989931001	6.36999936300006e-05	1.56999984300002e-05	0	0	0.00112079988792001	0	0.000399099960090004	0	0	0.000818499918150008	0	0	0	0	0	0	0.0355065964493404
DRR171933	0.409014403011656	0.387956776461294	0.0204807778964639	0.00521144298885823	0.00486995498740025	0.00261187307969264	0.000112328947169686	0.00724866798173889	0	0.00125162254312936	2.58066503738013e-05	0.0124074974120831	0.000455217309500658	0.00714954243708604	0.00420768432024933	0.00224477847941414	0.00374976631477932	0.0121797387186678	0	0.0159130007803011	0.0060415569092155	0	0.00263697954962994	0.00935361042540663	0	0.0107936815317307	0	0.000139235881086556	0.000162841964374219	0.00113499248756405	0.00115589787488236	0	0.00049202679530515	9.12235082980884e-05	0.000208853821629834	0.00207373440135523	0	0.000720985798040155	0.000209754053619618	0.000344588800533898	0	0	0.000511831899080393	0.00471541516248737	5.89151824425154e-05	0.00014393709258876	0.000730488246821206	0.000588951772871869	0	0.00109448204802378	0	0	0	0	0	0.000304678515653484	0.00043181127776628	0.000307679288952763	0.0270615737675599	8.60221679126711e-06	0.000201151836828351	0.000508831125781114	1.22031447504022e-05	0	0	0	0.000647666903761099	7.90203635476862e-06	0.000264068050336572	0	0	0	0.000858921344030357	1.39035829533271e-05	0	0	0	1.39035829533271e-05	0.00040680483360562	0.0016725310112416	0	0.00120721109830003	0.00162211801981371	0	0
DRR171934	0.261492777853374	0.522313313022326	0.00532299085021954	0.0597565988130063	0.00144987425030752	0.000135371065627993	0.00192878699804033	0	0	0	0	0.00186601493353431	0	0.0167929311034477	0.00256402825785761	2.3865417495898e-05	0	0.00615848101230282	0	0	0	0	0	0.00447155698485118	0	0.018758719526093	0	0.00703237644707909	0.000158634833943322	0	0	0	0	0	0	0.00366955862715289	0.00924313636107935	0	0	0	0	0	0	0.000580491184385519	0	0	0	2.08571715930537e-05	0	0.000642862149437824	0	0	0	0	0	0	0	0.000123839456333756	0.0715208457903961	0	0	0	0	0	0	0	0	0	0	0	0	0	0	0	0	0	0	0	0	0	0.000755771645657913	0.00237029722171444	0	0	0
DRR171935	0.439761012047798	0.347890630421874	0.0142560971487806	4.85999902800019e-05	0.00273239945352011	0.000830999833800033	0.0350455929908814	0	0	0	0	0.0025199994960001	0	0	0	0.00338389932322014	0	0.0136728972654205	0	0	0.0100438979912204	0	0	0.0025649994870001	0	0.00270829945834011	0	3.33999933200013e-05	0	0	0	9.04999819000036e-05	0	0	0.00544339891132022	0.0184496963100607	0.00923879815224037	0	0.00025299994940001	0	0	0	0.000586099882780023	0	7.82999843400031e-05	0	0	0	0	0	6.69999866000027e-05	0	4.27999914400017e-05	0	0	0	0.00073989985202003	0	0.0830519833896033	0	0.000286199942760011	0	0	0	0	0	0.000300799939840012	0	0	0	0	0	0	0	3.08999938200012e-05	0	0	0	0.00177519964496007	0	0	0	0	0	0
DRR171936	0.256762485024474	0.565957195631023	0.0132844111960662	0.0020849434369052	0.00536822912367846	0.00095233092974571	0	0	0	0	0	0.00499265917827817	0	0.00113991581190489	0	0.0227592985826086	0	0	0	0	0	0	0	0.0104881458860134	0	0	0	0.000761344508390046	0	0	0	0	0	0	0	0.0484593278458502	0	0	0	0	0	0	0	0	0	0	0	0	0	0	0	0	0	0	0	0	0	1.50067905727342e-05	0	0	0	0	0.000365765508892774	0	0	0	0	0	0	0	0.0370832801842834	0	0	0	0.000269121777604366	0	0	0	0	0	0	0	0	0	0
DRR171937	0.28580022404852	0.588109930394465	0.0211633781100701	0.0575456195271938	0.0108948104738554	0.000789889818170361	0	0	0	0	0.00016609403818246	0.00627405190025752	0	0.00127043076473509	0	0	0	8.67685859381667e-05	0	0	0	0	0	0.00632768324714762	0	6.11764413195065e-05	0	0.0023352067259011	0	0	0	0	0	0	0	0.0161785177498856	0	0	0	0	0	0	0	0	0	3.7725472147029e-06	0	0	0	0	0	0	0	0	0	0	0	0.000183733245429585	0	0	0	0	1.32548956192264e-05	0	0	0	0	0	0	2.00862648999046e-05	0	0	0	0	0.000385003737370761	0	0	0	0	0	0.00239036748382418	0	0	0	0
DRR171938	0.438389983460276	0.425349717737856	0.0258851652035996	0.000231560194599781	0	0.0035287583770753	8.50608595749633e-05	0.00309301156604646	0	0.00047802378175918	0.0064642197932058	0.00362821571109561	0.000442843664628653	0.00117037254223287	0.00300987699530574	0.00167516160042565	0.00197667649479507	0.00437855590384209	0	0	0.0124774852319546	0.000559941749025653	0.00107973558340091	0.00691578244939994	0	0.00213280727399107	0	0.000164545619892927	0	0.00182642596572463	0.000587213943573525	3.13275394620544e-05	0.000494549312284471	0	0.000180665615926799	0.0125112459783651	0.000156536313687418	0.00024291516035949	0.00026856521694169	0.000542909300386089	0	0.000285597665581254	0.000322298537054599	0.00892530723799988	0	0	0	0.000123890787128254	0.000530743265643544	0.000638007138623652	1.54103106738909e-05	0	9.82407305460542e-05	0	7.39086610609634e-05	0.000285496281958399	0.000422871090926308	0	0.0135169715170822	0.000146195184156254	0	0.000216555418417308	0	0	1.31798709710909e-06	0	5.2820867507218e-05	0	0.000112231670499981	0	0	0.000474171204090708	9.12452605690906e-05	0	0	0	0	0	0	0.000690016937148034	0	0	0	0	0
DRR171939	0.255982743880249	0.624589090598529	0.0359750174684311	0.000566430190729166	0.000336817952396863	0.000696337114768217	0	0	0	0	0.00027461463696015	0.0106681686133871	0	0.00528758182811144	0.00237612664755031	0.000308916465247598	0	0	0	0	0.0153347173404342	0	0	0.00183509781071331	0	0.00619633026440309	0	0.00599591958251375	0	0	0	0	0	0	1.65008794968772e-05	0.0226955096706654	0.00477325441446029	0	0	0	0	0	0	0.00214961457445682	0	0	0	0	0	0.000113406044542174	0	0	2.24011939836393e-05	0	0	0	0.000245113064526339	6.51034700149518e-05	0	0	0	0	0	0	0	0	2.26012046442075e-05	0	0	0	9.40050104670579e-06	0	0.000912748649503019	0	0	0	0	0	0	0	0	0	0	0	0
DRR171940	0.361298563870144	0.426654357334564	0.00114279988572001	0	0.000771099922890008	0.000105399989460001	0	0	0	0	9.19999908000009e-06	0.0189963981003602	0	0.000337199966280003	0	0	0	0.0635507936449206	0	0	0.00368239963176004	0	0	0.00361679963832004	0	0.000110799988920001	0	0	0	0	0	0	0	0	0	0	0	0	0	0	0	0	0	0	0	2.79999972000003e-06	0.000543199945680005	0	0	0	0	0	0	0	0	0	0	0.000206999979300002	0	0	0	0	2.51999974800003e-05	0	0	0	0	0	0	0	0.118607288139271	0	0	0	0.000338699966130003	0	0	0	0	0	0	0	0	0	0
DRR171941	0.352455138739405	0.560637622463018	0.0261633175361652	0.00102778007708143	0	0.00457090025994652	0	0	0	0	0	0.00156690764176713	0	0.00834468935461414	0	0.000559068326084209	0	0.00273697336007749	0	0	0.00537175031798764	0	0	0.00558829452379956	0	0	0	0	0	0	0	0	9.13951564098279e-05	0	0	0.0227697530637889	0	0	0.000718075126610853	0	0	0	0	0	7.02080974239133e-05	0	0	0	0	0	0	0	0	0	0	0	0	0	0	0	0	0	0	0	0	0	0	0	0	0	0	0	0	0	0	0	0	0.004812889708168	0	0	0	0	0	0.00242633368641636	0
DRR171942	0.26655121276104	0.522748976360818	0.000126707944588126	0.088049720717489	0	0.000397924949894358	0	0	0	0	0	0.00104166531241509	0	0	0.00701533986180933	0.000254415951880183	0	0	0	0	0	0	0.00212703336499198	0.00786059285917227	0	0.0116943332346938	0	0.000399425043950256	0	0	0	0	0	0	0	0.0271644032080811	0.00220893850044398	0	0.000155109725379781	0	0	0	0	0.0105388607865713	0	0	0.00096656060334983	0	0	0	0	0	0	0	0	0	0.000112807073003477	0	0	0	0	0	0.000360022573415353	0	2.00012540786307e-05	0	0.000415626059753947	0	0	0	0	0	0	0	0	0.0112204035193007	0	0	0	0	0	0	0	0	0.00492490879178125
DRR171943	0.216733036237786	0.734831417954203	0.000180998825358646	0	0.000166991177182742	0.00164499816900027	0	0	0	0	9.04493853644089e-05	0.000141077028057319	0	0.000614235372513392	0.00684923968486794	0.00241431821774689	0	0	0	0	0.0206920978854455	0	0	0.00326318169720667	0	0.00262723447002063	0	0	0.000951119311143885	0	0	0	0	0	0	0	0	0	0	0	0	0	0	0	0	0	0	0	0	0	0	0	0	0	0	0	0.00105497601690523	0	0	0	0	0	9.37511881487292e-05	0	0	0	0	0.000294060557064157	0	0	0	0	0	0	0	0	0	0	0	0.000913198606439116	0.000985938322323989	0.0054576798932217	0	0	0
DRR171948	0.476774347677435	0.359045035904504	0.00270060027006003	0.000601300060130006	0	0.000618300061830006	0	0	0	0	0	0.0121525012152501	0	0.00283190028319003	0.00283730028373003	1.81000018100002e-05	0	0.0143005014300501	0	0	0.0127149012714901	0	0	0.0243518024351802	0	0	0	0.00198490019849002	0	0	0	0	0	0	0	0.0877314087731409	0	0	0	0	0	0	0	0	0	0	0	0	0	0	0	0	0.000469700046970005	0	0	0	5.60000056000006e-06	0	0	0	0	0	0.000216400021640002	0	0	0	0	0	0	0	0	0	0	0	0	0	0	0	0	0	0.000373300037330004	0	0	0	0
DRR171950	0.421945598248674	0.424903961743782	0.0111050690289818	0.044845000582808	0.000171990897189164	0.00271093272794672	0	0	0	0	1.8609835297955e-05	0.00480343861730925	0	0.00047535122312142	4.10216799578577e-05	0	0	0.00991453983430243	0	0	0.0141089565835544	0	0	0.0162321787064464	0	0.000577605264382226	0	0.000362791735432176	0	0	0	0	0	0	0	0.0455692833662591	0	0	0	0	0	0	0	0	0	0	0	0	0	0	0	0	0	0	0	0	0	0	0	0	0	0	0	0	0	0	0	0	0	0	0.00107987071167112	0	0	0	5.4728924236459e-05	0	0	0	0	0	0.00107907028864755	0	0	0	0
DRR171951	0.250878359909249	0.662591232769478	0.000536681006174833	0.0263195809325763	0.00113659512120546	0.000958501871579959	0.000704869069444761	0	0	0	0.000123964908025842	0.00141644164884734	0	0.00649840256358229	0	0.000364991109344853	0	0.0237570391857176	0	0	0	0	0	0.00375206458101462	0	0.00345220757588673	0	0.000115860664644008	0	0	0	0	0	0	0	0.0101676237678048	0	0	9.4249348959115e-05	0	0	0	0	0	0	0	0	0	0	0	0	0	0	0	0	0	0.00312613684525217	0	0	0	8.574489602756e-05	0	8.76458913887311e-05	0	0	1.15060245544567e-05	0	0	0	0	1.73090630254001e-05	0	0.00143815301691966	0	0.000304659519724528	0	0	0	0	0	0.000841040368737071	0.00121103409745343	0	0	0
DRR171952	0.556710244580343	0.218019310098172	0.0644539004760415	0.0124744505214444	0.00466378535140175	0.00093592459917979	0	0	0	0	0	0.0164430835653264	0.000145044756882634	0.00374159339333662	0.00336830612683287	0.00126450560336865	0	0.0149695811975485	0	0	0.0159292622634741	0	0	0.0118387394999174	0	0	0	0.00912268370690294	0	0	0	0	0	0	0	0.0473770104160579	0	0	0	0	0	0	0	0	0	0	0	0	0	0	0	0	0	0	0	0	0.000143741659550586	0.000289387845971089	0.0168510532685139	0	0	0	0	0	0	0	0	0	0	0	0	0	0.00123453436473153	0	2.38567050021195e-05	0	0	0	0	0	0	0	0	0	0
DRR171953	0.249983021677342	0.482291284404358	0.000314761598844894	0.00392516815540801	0.000206740459107847	9.77191236324949e-05	0	0	0.00209611020876786	0	4.54088865190918e-05	0.0176115465796656	0.00018883695539217	0.00309280526198977	0.000337666081252101	0.000171133490824154	0	0.0159055127088371	0	0	0.0222044454099667	0	0	0.00865539386057852	0.00103630280445883	0.00170553377295937	0	0	0	0	0	0	0	0	0	0.0102015964524257	0.000626922688770192	0	0	0	0	0	0.000111321785673456	0.118265344527924	0	3.70072423173215e-06	0	7.00137016814191e-07	0	0	0	0	0	7.44145629299654e-05	0	0	4.97097281938075e-05	1.14022314166882e-05	0.000180935409059553	0	0	0	6.95136038122661e-05	0	0	0	0	0	0	0	0.00697146431556656	0	0	0	0	0.00265511960690707	0.000635024274250471	0	0	0	0.000505298886992184	0	0	0	0
DRR171954	0.3188117714239	0.42919581177514	0.00295693563777363	0.000349410987009137	0	0.00345065284630087	0.000594153512917162	0	0.00885842011319058	0	0.000157415584989345	0.0240802491233242	0	0.00945639288948125	0.00429212946848654	0.00585534364493155	0	0.00604145531688944	0	0	0.015927566947558	0	0	0.0123999094937804	0.00104420725098506	0.00757277348299891	0	2.87993103029687e-05	0.00148940949233525	0	0	0	0.000468324268260105	0	0	0.0102066200840403	0.00881971136278336	0	0.000461201858185177	0	0	0	0	0.0887040434231665	0	0	0	0	0	0.000145235231527875	2.1676900228041e-05	0	0	0	7.91722974995592e-05	0	0.000344972383629109	0	0	0	0.000874301642530987	0	0	4.5934383816563e-05	0	0	0.000486904468455568	3.14831169978691e-05	0	0	0	0	0.00529618284238251	0.000333204923505316	0	0	0	0	0	0.000986815077047961	0.000495368781877946	0	0	0.000479678835046221	0
DRR171956	0.168380462338381	0.523608677769089	0.00559144320826159	0	0.00133177336575569	0.00472862248119653	0	0.00013292672058653	0	0	0.000137538054784856	0.000507948486585178	0	0.00306212640047974	0.0017433850661541	0.00421766660274288	0	0.00014315185293934	0	0	0.0179975361440886	0	0	0.00479658953742403	0.00151131466030356	0.00579333944903178	0	0	0	0	0	0	0	0	0	0.00159612311099451	9.27279159446002e-05	0.00311495625096926	0.00109509162570682	0	0.000177736859426785	0	0	0.00289381270224084	0.000106862657726426	0	0	0	0	0	0.000151171564588602	7.95956381189325e-05	0	0	0	0	8.50089434821849e-05	0	0	0	0.0137994175884908	0	0	0	0	0	2.48611061127144e-05	0.000104556990627263	0.00130400511417012	0	0	0	0.00215710194086044	0	0	0	0	0.000677465141571469	0	0	0.000245102437280592	0	0	0	0.0148787705300859
DRR171957	0.532421228350699	0.282624591210382	0.00885810490931803	0.0100341021178257	0	0.00072669262493044	0	0	0	0	3.17215040075667e-05	0.000805646147523406	0	0.000938736369384806	0.00128747277779607	0.00383770157789966	0	0.00104911119247738	0	0	0.0104166614548002	0	0	0.0138677009144499	7.70522337092315e-06	0.0141670038118841	0	0.000253671964224548	0	0	0	0	0	0	0	0.0139038254032409	0.00509595454758781	0	5.68385308400565e-05	0	0	0	0.000271584106866045	0.055603993947497	0	0.0004944351776069	0	0	0	0	0	0	0	0	0	0	0	8.11550149846581e-05	0.0379631352093584	0	2.34158736207275e-05	0	8.48575249161407e-05	1.00067835986015e-05	0	0	0.000308909409688828	0	0	0	0	0	8.60583389479728e-06	0	0	0	0	0	0	0	0	0	0	3.20217075155248e-06	0
DRR171959	0.450562172625722	0.307958936780894	0.005954507154462	4.93456316074682e-06	0.00845320881047118	0.00283828016576507	0	0	0	0	3.37362991602078e-05	0.00235630426194192	0.000224774387240549	0.0028457323631915	0.00417232421046738	0.00262619465522358	0	0	0	0	0.026401927017408	0	0	0.0117383187057104	0	0.00872924223136112	0	0.000433939442033838	0.00166113508850038	0	0	0.000575531193136083	0	0	0	0.0213614218067611	0	0	0.00056405078088455	0	0	0	0	0.00136707540626812	0.000175932282486218	0	0	0	0	0	0	0	0	0	0	0.000436960603152662	0.000128701463661927	2.10474224611446e-05	0.131868949684274	0	0.000389427668216489	0	0.000156395440584486	0	0	0	0	0	6.65662499847683e-05	0	0	0	0	0	4.11884965866418e-05	0	0	0	0	0	0	0	0	0.00121501029662062	0
DRR171964	0.395754421151362	0.425224091240037	0.00909971429418168	8.5002887495024e-05	0.0139601974229608	0.0046701527528921	0.0596165598840837	0	0	0	8.64045841086051e-05	0.0105610831350266	0	0	0	0.00019253304199403	0	0	0	0	0.0225161535522597	0	0	0.00364160780208364	0	0.00581063319041368	0	0.00108020748313759	0.00170936902026213	0	0	0	0	0	0	0.0339518953741609	0	0	0.00015789111140124	0	0	0	5.60678645432431e-05	0	0	9.35131883631948e-05	0.00146267041627186	0	0	0	0	0	0	0	0	0	0	0.000517025808038049	0	0	0.00602759580195869	0	0	0	0	0	0	3.3941082285999e-05	1.90230254700289e-06	0	0	0.000303767680400357	0	0	0.000101823246857997	0	0	5.50666526763995e-06	0	0	0	0	0	0	0.000434626071396819
DRR171965	0.124189423540962	0.341212414182346	0.0089186160535089	0.0171866309359357	0	0.0001236002224804	0	0	0	0	0.000148800267840482	0.00201680363024653	0	0.000114500206100371	0	0.00565321017577832	0	0.013893525008345	0	0	0.00261000469800846	0	0	0.0096917174450914	0	0.000184600332280598	0	0.0178495321291578	0	0	0	0	0	0.000157600283680511	0	0.00196450353610637	0	0	0	0	0	0	0	0.258955366119659	0	0	0	0	0	0	0	0	0	0	0	0	0	0.000266200479160862	0	0	0	0	2.94000529200953e-05	0	0	0	0	0	0	0	0.164044095279371	0	0	0	4.00000720001296e-06	0	0	0	0	0	0	0	0	0	0
DRR173016	0.247712087585706	0.590570649531703	0.00453872395215559	0.0104676542943338	0	0.00187557197184499	0	0	0	0	0	0.00243724219021544	0	0	0	0.0047658353900704	0	0	0.00287404117266007	0	0.0169756787482675	0	0	0.0289940595538662	0	0.00376065698892892	0	0	0.00124080151111219	0	0	0	0	0	0	0.0170844278759463	0	0	0	0	0	0	0.000196669693150217	0	0	0	0	0	0	0	0	0	0	0	0	0	0	2.29314458917514e-05	0	0	0	0	0	0	0	0	0	0	0	0	0.00595716906594012	0	0	0	0	0	0	0	0	0	0	0	0	0	0
DRR173017	0.154710630942126	0.483502096700419	0.00380820076164015	0.000723400144680029	0.0870424174084835	0.00202840040568008	0	7.34000146800029e-05	0	0	0	0.0208984041796808	0	0	0	0	0	0.0099387019877404	0	0	0	0	0	0.00153120030624006	0	0	0	0	0	0	0	0	0	0	0	0.000140500028100006	0	0	0	0	0	0	0	0	0	0.000627500125500025	0	0	0	0	0	0	0	0	0	0	0	0.000283100056620011	0	0	0	0	0	0	0	0	0	0	0	0	0.233105846621169	0	0	0	0.00158620031724006	0	0	0	0	0	0	0	0	0	0
